#! FIELDS time d1 d2 d3 d4 d5 d6 d7 d8 d9 d10
 0.000000   0.3952   0.5740   0.4528   0.8201   0.9079   0.8077   0.5267   0.7013   0.6512   0.4651
 0.200000   0.4678   0.6361   0.3763   0.7460   0.9269   0.7862   0.5798   0.7319   0.7347   0.4718
 0.400000   0.5201   0.6235   0.4172   0.6921   0.8835   0.7723   0.5275   0.7382   0.6717   0.4526
 0.600000   0.5688   0.6338   0.3994   0.7100   0.9231   0.7132   0.4717   0.7160   0.7314   0.4778
 0.800000   0.6131   0.6748   0.4142   0.7412   0.9582   0.7209   0.4965   0.7247   0.7643   0.5131
 1.000000   0.5697   0.5691   0.5823   0.7582   0.8963   0.7462   0.5365   0.7752   0.7020   0.4846
 1.200000   0.5530   0.4790   0.7185   0.8194   0.8133   0.6767   0.5432   0.7679   0.7151   0.4629
 1.400000   0.5967   0.3358   0.7978   0.8759   0.7556   0.6537   0.5861   0.6730   0.7057   0.5971
 1.600000   0.5824   0.3886   0.7527   0.8173   0.8356   0.6890   0.6065   0.6329   0.6017   0.6414
 1.800000   0.6866   0.3511   0.8490   0.8643   0.7321   0.6762   0.6017   0.6017   0.6240   0.5657
 2.000000   0.7345   0.3835   0.8531   0.8423   0.6782   0.5995   0.5571   0.6069   0.6977   0.5303
 2.200000   0.7776   0.3801   0.8853   0.8545   0.6083   0.5906   0.5951   0.5869   0.7159   0.5598
 2.400000   0.7157   0.3121   0.8970   0.9142   0.6097   0.5855   0.6552   0.5052   0.6878   0.6549
 2.600000   0.7416   0.3586   0.8843   0.8803   0.6446   0.6356   0.5386   0.6287   0.6931   0.5525
 2.800000   0.7567   0.4254   0.8471   0.8517   0.6393   0.6938   0.6270   0.6030   0.6206   0.5204
 3.000000   0.7684   0.4233   0.7691   0.8433   0.6822   0.6755   0.5801   0.5828   0.6672   0.5660
 3.200000   0.6747   0.3175   0.7865   0.9218   0.6874   0.6559   0.5589   0.6278   0.6892   0.5567
 3.400000   0.6441   0.3808   0.7304   0.9077   0.6393   0.7113   0.6313   0.6903   0.7253   0.4913
 3.600000   0.6005   0.4041   0.6849   0.8398   0.6054   0.7157   0.7475   0.6806   0.7131   0.5834
 3.800000   0.5880   0.3786   0.7265   0.8749   0.6344   0.7121   0.7888   0.6878   0.7349   0.7104
 4.000000   0.5294   0.3757   0.7056   0.8813   0.6831   0.6991   0.7650   0.7376   0.7707   0.7281
 4.200000   0.5516   0.4104   0.6435   0.8232   0.6636   0.7085   0.7167   0.7713   0.8089   0.7044
 4.400000   0.5688   0.5059   0.5790   0.7462   0.6893   0.7143   0.6669   0.8258   0.8513   0.6792
 4.600000   0.5490   0.5765   0.5090   0.7268   0.7395   0.7082   0.7108   0.8345   0.8933   0.7032
 4.800000   0.5492   0.6625   0.4857   0.6943   0.7638   0.6208   0.6441   0.8797   0.9449   0.6693
 5.000000   0.6210   0.7142   0.4442   0.6137   0.7512   0.5250   0.6229   0.8178   0.9614   0.7070
 5.200000   0.6074   0.7409   0.3919   0.6265   0.8211   0.5839   0.6522   0.8174   0.9442   0.6893
 5.400000   0.5530   0.7351   0.3763   0.6561   0.8539   0.7024   0.6705   0.8378   0.8951   0.6098
 5.600000   0.5248   0.6647   0.4801   0.6663   0.7996   0.7699   0.6862   0.8950   0.8580   0.5210
 5.800000   0.4867   0.6541   0.5021   0.7305   0.7651   0.8057   0.7183   0.8895   0.8419   0.4833
 6.000000   0.4383   0.6672   0.5219   0.8043   0.7758   0.8186   0.6450   0.9035   0.8323   0.3957
 6.200000   0.5032   0.6598   0.4886   0.7941   0.7949   0.8522   0.6252   0.8639   0.8285   0.3890
 6.400000   0.5142   0.6513   0.5060   0.7569   0.7975   0.9170   0.7147   0.8958   0.7580   0.4036
 6.600000   0.4479   0.6586   0.5285   0.7944   0.7537   0.8405   0.6933   0.8888   0.8143   0.3781
 6.800000   0.4417   0.6176   0.5874   0.8351   0.7420   0.8583   0.7433   0.9036   0.8465   0.4515
 7.000000   0.5070   0.6018   0.5461   0.6950   0.6505   0.8471   0.7989   0.8681   0.7970   0.4571
 7.200000   0.6076   0.5941   0.6028   0.6564   0.5797   0.7713   0.8173   0.8479   0.8553   0.5396
 7.400000   0.6665   0.4950   0.7086   0.6912   0.4637   0.7211   0.8170   0.8399   0.8903   0.5897
 7.600000   0.6950   0.4062   0.8138   0.7749   0.4532   0.6573   0.7827   0.7916   0.8865   0.7140
 7.800000   0.6721   0.4191   0.8169   0.7861   0.4534   0.5456   0.8025   0.6860   0.8529   0.7687
 8.000000   0.6392   0.3892   0.8156   0.8030   0.4897   0.4632   0.7490   0.6353   0.8433   0.8064
 8.200000   0.6284   0.4029   0.7616   0.7192   0.5520   0.4926   0.7546   0.6785   0.8029   0.7966
 8.400000   0.6086   0.3720   0.7531   0.7803   0.5746   0.4439   0.7960   0.5935   0.7895   0.8693
 8.600000   0.5771   0.3466   0.7381   0.8488   0.5721   0.5659   0.8202   0.5378   0.7271   0.8172
 8.800000   0.5471   0.3258   0.7426   0.8798   0.5713   0.5360   0.7780   0.5058   0.7079   0.7669
 9.000000   0.5656   0.3526   0.7247   0.8422   0.6059   0.5471   0.8183   0.5543   0.7323   0.8134
 9.200000   0.6181   0.3742   0.6957   0.7782   0.6415   0.5130   0.7393   0.6098   0.7750   0.7904
 9.400000   0.5893   0.3489   0.6985   0.8120   0.6911   0.5241   0.7103   0.6104   0.7907   0.8180
 9.600000   0.5877   0.3285   0.6954   0.8396   0.6739   0.5931   0.7391   0.5690   0.7454   0.8140
 9.800000   0.7004   0.4100   0.7063   0.7582   0.6113   0.5370   0.6800   0.6265   0.8138   0.7525
 10.000000   0.7386   0.3669   0.7563   0.8193   0.6110   0.5739   0.5938   0.6583   0.8340   0.7258
 10.200000   0.6375   0.3546   0.7247   0.8435   0.6279   0.5737   0.6776   0.5916   0.7712   0.7263
 10.400000   0.6016   0.4104   0.7847   0.8586   0.6408   0.6159   0.6472   0.7162   0.7637   0.6008
 10.600000   0.6174   0.3784   0.8168   0.8375   0.6448   0.6392   0.6053   0.7546   0.7586   0.5716
 10.800000   0.6893   0.3434   0.8518   0.8457   0.5845   0.6341   0.6442   0.7232   0.7815   0.6468
 11.000000   0.6527   0.3744   0.7402   0.8032   0.5845   0.5158   0.6516   0.6672   0.8759   0.7661
 11.200000   0.7242   0.4416   0.7249   0.7312   0.4760   0.5696   0.6272   0.7206   0.8910   0.6477
 11.400000   0.7967   0.5301   0.6999   0.6292   0.4496   0.5549   0.6175   0.7154   0.8741   0.6043
 11.600000   0.8325   0.6010   0.6588   0.6090   0.4831   0.5584   0.6212   0.7342   0.9194   0.5828
 11.800000   0.7486   0.5870   0.5940   0.5888   0.4833   0.5902   0.5609   0.8124   0.9305   0.4920
 12.000000   0.7458   0.6814   0.5344   0.5495   0.5340   0.6284   0.6333   0.8849   1.0052   0.4931
 12.200000   0.7019   0.7958   0.4704   0.5129   0.5781   0.6722   0.6042   0.9252   0.9415   0.3715
 12.400000   0.7801   0.7677   0.5163   0.5270   0.6296   0.7619   0.5981   0.9262   0.9191   0.3951
 12.600000   0.8560   0.7036   0.5529   0.4599   0.5698   0.6650   0.6060   0.8317   0.9313   0.5342
 12.800000   0.8404   0.6501   0.5672   0.3822   0.5286   0.6177   0.5837   0.8189   0.8710   0.5135
 13.000000   0.8096   0.5931   0.6240   0.4559   0.5672   0.6068   0.5626   0.8178   0.8953   0.4924
 13.200000   0.8305   0.6105   0.6441   0.5062   0.4869   0.6263   0.6069   0.7256   0.8402   0.4414
 13.400000   0.7599   0.6003   0.6456   0.5320   0.6148   0.5536   0.5385   0.6914   0.8284   0.5383
 13.600000   0.7748   0.6077   0.7226   0.5482   0.7156   0.5818   0.4651   0.7281   0.7677   0.5471
 13.800000   0.7782   0.6236   0.7519   0.6030   0.7265   0.5404   0.5471   0.6148   0.7221   0.5739
 14.000000   0.7800   0.6869   0.7394   0.5801   0.7236   0.4966   0.6113   0.5353   0.7197   0.6294
 14.200000   0.7985   0.6127   0.7907   0.6341   0.6965   0.5009   0.5506   0.5872   0.7222   0.5852
 14.400000   0.8415   0.6563   0.7602   0.6232   0.7289   0.5597   0.6088   0.5554   0.6962   0.5990
 14.600000   0.8820   0.6731   0.7498   0.6305   0.7684   0.6654   0.6499   0.5117   0.6205   0.5003
 14.800000   0.8602   0.6646   0.7664   0.6557   0.7613   0.7047   0.6676   0.5298   0.5453   0.4574
 15.000000   0.8646   0.5778   0.8041   0.6942   0.6879   0.8115   0.6561   0.6164   0.5584   0.3782
 15.200000   0.7949   0.4934   0.8022   0.7085   0.6207   0.7916   0.7293   0.5447   0.5388   0.5184
 15.400000   0.6861   0.4287   0.8215   0.7546   0.6584   0.7670   0.7262   0.5644   0.5364   0.5150
 15.600000   0.6583   0.4840   0.7871   0.7082   0.7045   0.7282   0.7492   0.5298   0.5063   0.6046
 15.800000   0.6707   0.5075   0.7771   0.6226   0.7052   0.7137   0.7417   0.5609   0.4859   0.6283
 16.000000   0.6783   0.4546   0.7908   0.6256   0.6531   0.7205   0.7022   0.6114   0.5687   0.5593
 16.200000   0.7609   0.5331   0.7979   0.5360   0.5641   0.7221   0.7870   0.5553   0.5746   0.6183
 16.400000   0.7693   0.4935   0.8008   0.5779   0.5136   0.7145   0.7460   0.5878   0.5940   0.5418
 16.600000   0.7770   0.4977   0.8101   0.6427   0.5502   0.7111   0.7269   0.5866   0.6254   0.5351
 16.800000   0.8115   0.5304   0.8187   0.6007   0.5052   0.7257   0.7683   0.5660   0.6061   0.5379
 17.000000   0.7959   0.5031   0.7840   0.6322   0.5343   0.7424   0.7678   0.5284   0.5926   0.5320
 17.200000   0.7830   0.4930   0.7810   0.6570   0.5785   0.7301   0.7537   0.5196   0.5675   0.5249
 17.400000   0.8376   0.4899   0.8094   0.5947   0.5696   0.7511   0.7561   0.5181   0.5226   0.5654
 17.600000   0.8603   0.4531   0.8252   0.6026   0.5405   0.7086   0.6976   0.5313   0.5647   0.5673
 17.800000   0.8309   0.4520   0.8470   0.6008   0.5125   0.5957   0.7111   0.5448   0.6350   0.6219
 18.000000   0.8679   0.4866   0.8541   0.5863   0.5804   0.6631   0.7123   0.5532   0.5688   0.6058
 18.200000   0.9162   0.5094   0.8215   0.5505   0.5747   0.7112   0.6880   0.5152   0.5173   0.6235
 18.400000   0.9618   0.5132   0.8005   0.5352   0.6267   0.6967   0.6698   0.4320   0.4984   0.7062
 18.600000   0.9293   0.5007   0.7870   0.5740   0.6972   0.6351   0.6441   0.4186   0.5255   0.7305
 18.800000   0.9018   0.5949   0.7782   0.5332   0.7485   0.6150   0.7013   0.4490   0.5284   0.7508
 19.000000   0.8737   0.5641   0.8284   0.5614   0.7023   0.5968   0.7148   0.4514   0.5043   0.7822
 19.200000   0.8855   0.5987   0.7814   0.5530   0.7543   0.6226   0.7222   0.4349   0.5161   0.8417
 19.400000   0.9033   0.6265   0.7964   0.5110   0.7184   0.6002   0.6844   0.4910   0.5541   0.7766
 19.600000   0.9054   0.5880   0.8465   0.5696   0.7025   0.5725   0.6473   0.5502   0.6275   0.7254
 19.800000   0.9209   0.5768   0.7672   0.5348   0.7011   0.5847   0.5720   0.5301   0.6211   0.6638
 20.000000   0.8977   0.5220   0.7695   0.5717   0.6330   0.5285   0.5579   0.5439   0.6957   0.6071
 20.200000   0.8973   0.5048   0.7467   0.5761   0.6284   0.5684   0.5998   0.5257   0.6896   0.5699
 20.400000   0.8019   0.4430   0.7630   0.6782   0.5806   0.6275   0.6481   0.6060   0.6910   0.4945
 20.600000   0.6865   0.3410   0.7482   0.7715   0.6766   0.6782   0.6470   0.6064   0.6423   0.4947
 20.800000   0.6868   0.3424   0.7507   0.7991   0.7350   0.7394   0.5533   0.7129   0.6610   0.4039
 21.000000   0.6952   0.3633   0.6880   0.7761   0.7904   0.6723   0.6149   0.5884   0.6343   0.6295
 21.200000   0.6973   0.3160   0.7318   0.8589   0.7784   0.5830   0.5742   0.5485   0.6805   0.6724
 21.400000   0.7470   0.3947   0.7372   0.8743   0.8105   0.5517   0.5138   0.5676   0.7037   0.6551
 21.600000   0.7737   0.4225   0.7362   0.9067   0.8304   0.6203   0.4920   0.6287   0.6914   0.5759
 21.800000   0.7108   0.3777   0.7181   0.9601   0.8551   0.6827   0.4497   0.6617   0.6858   0.5370
 22.000000   0.6551   0.3206   0.7371   1.0275   0.8570   0.7243   0.5044   0.6308   0.6491   0.5412
 22.200000   0.5817   0.3372   0.7287   1.0655   0.8737   0.6966   0.5293   0.5752   0.6585   0.5739
 22.400000   0.5426   0.3610   0.6520   1.0045   0.8390   0.7435   0.6039   0.5726   0.5906   0.5515
 22.600000   0.5109   0.3721   0.6586   0.9764   0.8484   0.7675   0.5587   0.6183   0.6027   0.5420
 22.800000   0.5393   0.4803   0.5807   0.9440   0.9547   0.7290   0.5229   0.6536   0.6325   0.5976
 23.000000   0.6396   0.5364   0.5313   0.8785   0.9533   0.7405   0.4956   0.6156   0.6366   0.5924
 23.200000   0.7416   0.5514   0.5996   0.8144   0.8586   0.6677   0.5117   0.6284   0.6930   0.6189
 23.400000   0.7779   0.5496   0.6200   0.7731   0.7741   0.5837   0.4871   0.5803   0.7629   0.5756
 23.600000   0.8382   0.5734   0.6390   0.7431   0.7524   0.6226   0.4792   0.5878   0.7745   0.5370
 23.800000   0.8099   0.6100   0.6204   0.7259   0.8302   0.7307   0.5818   0.5709   0.6377   0.4923
 24.000000   0.7214   0.5520   0.6424   0.7975   0.8044   0.7171   0.5278   0.6307   0.6726   0.4257
 24.200000   0.6301   0.4688   0.6676   0.8570   0.8024   0.6575   0.5287   0.6282   0.6924   0.4649
 24.400000   0.6262   0.4327   0.6688   0.8395   0.7741   0.7254   0.5119   0.6626   0.6704   0.3932
 24.600000   0.6501   0.4334   0.6619   0.7993   0.7289   0.7151   0.5978   0.6438   0.7105   0.4412
 24.800000   0.6396   0.3361   0.7274   0.8110   0.5918   0.7724   0.6567   0.7230   0.7395   0.3840
 25.000000   0.6531   0.3454   0.7663   0.8303   0.5064   0.8641   0.7968   0.7189   0.6550   0.4344
 25.200000   0.5485   0.3520   0.7536   0.8793   0.5016   0.8715   0.8243   0.6642   0.6067   0.4542
 25.400000   0.4924   0.3892   0.7276   0.9039   0.5407   0.8788   0.8026   0.6512   0.6217   0.4218
 25.600000   0.4913   0.4220   0.7024   0.8644   0.5157   0.8704   0.7590   0.6951   0.6694   0.3363
 25.800000   0.5306   0.4020   0.6877   0.7710   0.5567   0.9131   0.7902   0.6929   0.6086   0.4353
 26.000000   0.5096   0.4146   0.8625   0.8873   0.5343   0.8521   0.7571   0.7132   0.5382   0.4469
 26.200000   0.5028   0.4250   0.8729   0.9596   0.5005   0.8101   0.7391   0.6899   0.5938   0.3956
 26.400000   0.5248   0.4822   0.8741   0.9742   0.5065   0.8573   0.8025   0.7155   0.6437   0.3613
 26.600000   0.4997   0.5127   0.7729   0.9306   0.5808   0.8883   0.8411   0.7055   0.6682   0.4433
 26.800000   0.4960   0.4891   0.7564   0.9499   0.6225   0.8710   0.8104   0.6816   0.6585   0.4702
 27.000000   0.5166   0.5107   0.8516   1.0148   0.6056   0.8424   0.7866   0.7046   0.6163   0.4660
 27.200000   0.5231   0.4806   0.8297   1.0251   0.5830   0.8354   0.7701   0.6519   0.6124   0.4835
 27.400000   0.5153   0.4938   0.8563   1.0919   0.6384   0.8234   0.7525   0.6366   0.6236   0.4929
 27.600000   0.5250   0.5310   0.8100   1.0844   0.6519   0.8073   0.6950   0.5755   0.6090   0.4701
 27.800000   0.5461   0.5076   0.6763   0.9775   0.6121   0.8593   0.7182   0.5082   0.5212   0.5037
 28.000000   0.4968   0.5327   0.7855   1.0561   0.6762   0.7651   0.6230   0.5679   0.5955   0.5044
 28.200000   0.4907   0.4996   0.7979   1.0347   0.6832   0.8411   0.6481   0.6784   0.6179   0.4358
 28.400000   0.5206   0.5073   0.8227   1.0354   0.6585   0.8507   0.7170   0.6744   0.6027   0.4718
 28.600000   0.5077   0.5047   0.8440   1.0538   0.6029   0.8033   0.7022   0.6725   0.6179   0.3899
 28.800000   0.4986   0.5067   0.7880   1.0038   0.5759   0.8208   0.7462   0.6150   0.5550   0.4203
 29.000000   0.4853   0.4854   0.8168   0.9930   0.5702   0.7974   0.7015   0.6400   0.5559   0.3761
 29.200000   0.5014   0.5102   0.8253   0.9999   0.6301   0.8433   0.7049   0.7093   0.5986   0.3872
 29.400000   0.5059   0.4868   0.8188   0.9590   0.6624   0.8721   0.7049   0.7488   0.5723   0.4156
 29.600000   0.5113   0.5112   0.8187   0.9506   0.6345   0.8632   0.7599   0.7407   0.5850   0.4200
 29.800000   0.4643   0.4803   0.7923   0.9366   0.7032   0.8612   0.7043   0.7852   0.6335   0.3955
 30.000000   0.4696   0.5361   0.7688   0.9848   0.6715   0.8445   0.7007   0.7399   0.6463   0.3652
 30.200000   0.4359   0.4864   0.8185   0.9842   0.6216   0.8234   0.7374   0.7128   0.5767   0.3697
 30.400000   0.5003   0.4896   0.8139   1.0104   0.6380   0.8175   0.7008   0.6517   0.5581   0.4030
 30.600000   0.4747   0.4958   0.8375   1.0242   0.6187   0.8128   0.7050   0.6842   0.5944   0.3735
 30.800000   0.4787   0.4948   0.8078   1.0117   0.6844   0.8373   0.7357   0.6592   0.5644   0.4727
 31.000000   0.5115   0.4954   0.8263   1.0083   0.6980   0.8184   0.7177   0.6544   0.5528   0.5009
 31.200000   0.5010   0.4853   0.8097   0.9936   0.6236   0.7943   0.7436   0.5992   0.5266   0.5192
 31.400000   0.4845   0.5051   0.7604   0.9927   0.6204   0.7986   0.7032   0.5493   0.5285   0.5160
 31.600000   0.5276   0.5184   0.7926   1.0280   0.6090   0.8327   0.6612   0.5618   0.5597   0.4342
 31.800000   0.5448   0.5238   0.7637   0.9817   0.5819   0.8260   0.6682   0.5586   0.5351   0.4439
 32.000000   0.5108   0.5084   0.7454   1.0003   0.6236   0.7890   0.6149   0.5341   0.5970   0.4930
 32.200000   0.4928   0.4734   0.7581   1.0146   0.6919   0.8076   0.6119   0.5155   0.5611   0.5661
 32.400000   0.5592   0.5866   0.7725   0.9843   0.6599   0.7569   0.5994   0.5678   0.5927   0.5420
 32.600000   0.5645   0.6579   0.7634   0.9680   0.6811   0.7577   0.5835   0.6341   0.5814   0.4766
 32.800000   0.4967   0.5804   0.7801   1.0152   0.7458   0.7687   0.5557   0.6559   0.5920   0.5203
 33.000000   0.5023   0.5030   0.8027   0.9646   0.7638   0.7383   0.5633   0.6103   0.5100   0.6446
 33.200000   0.4947   0.5349   0.7889   0.9165   0.6879   0.7612   0.5759   0.6850   0.5137   0.5579
 33.400000   0.5384   0.5064   0.8421   0.9420   0.6800   0.7571   0.5504   0.6657   0.5019   0.5436
 33.600000   0.4917   0.5139   0.7868   0.9578   0.7376   0.7684   0.5513   0.6552   0.5284   0.5126
 33.800000   0.5327   0.5158   0.7927   0.9596   0.6661   0.7321   0.5248   0.6739   0.5641   0.5061
 34.000000   0.4997   0.5694   0.7549   0.9502   0.6917   0.7397   0.5449   0.6905   0.5895   0.5429
 34.200000   0.4789   0.5330   0.7421   0.9096   0.7225   0.7812   0.5316   0.6959   0.5459   0.5737
 34.400000   0.5140   0.4975   0.7461   0.9424   0.6894   0.7670   0.5145   0.6423   0.5889   0.6274
 34.600000   0.4948   0.5546   0.6808   0.9257   0.6855   0.7368   0.5177   0.6368   0.6401   0.5999
 34.800000   0.5485   0.4872   0.6995   0.8516   0.7005   0.7654   0.5839   0.6162   0.5734   0.7131
 35.000000   0.4995   0.5213   0.7099   0.8505   0.7245   0.7402   0.6624   0.6286   0.5708   0.7334
 35.200000   0.5593   0.5129   0.7467   0.8377   0.6537   0.7236   0.5844   0.6719   0.6118   0.7025
 35.400000   0.5437   0.5469   0.7442   0.8621   0.6458   0.6647   0.5035   0.7267   0.7364   0.6992
 35.600000   0.5552   0.5097   0.7410   0.8777   0.6053   0.6979   0.4341   0.7446   0.7631   0.6661
 35.800000   0.6774   0.6422   0.6067   0.7188   0.5899   0.6973   0.4246   0.7109   0.7490   0.6562
 36.000000   0.8147   0.7113   0.5618   0.5801   0.5418   0.6736   0.4363   0.7181   0.7996   0.7048
 36.200000   0.8504   0.7205   0.6090   0.5190   0.5246   0.6039   0.3975   0.7324   0.7905   0.6712
 36.400000   0.8640   0.7539   0.5863   0.4684   0.5803   0.6277   0.3810   0.7597   0.7917   0.6416
 36.600000   0.8518   0.7641   0.5829   0.4630   0.5865   0.5697   0.3944   0.7623   0.8037   0.6947
 36.800000   0.7970   0.8374   0.4774   0.4560   0.6429   0.5876   0.4060   0.7967   0.7896   0.6195
 37.000000   0.8101   0.7996   0.5505   0.4542   0.6290   0.5705   0.3663   0.8272   0.8128   0.6432
 37.200000   0.8180   0.8271   0.5707   0.4619   0.6204   0.5830   0.4346   0.7949   0.7726   0.6475
 37.400000   0.7827   0.7654   0.5315   0.4903   0.6605   0.5799   0.3589   0.8017   0.8059   0.6680
 37.600000   0.7851   0.7614   0.4998   0.4318   0.6380   0.6748   0.4234   0.7935   0.7593   0.6963
 37.800000   0.8032   0.6995   0.5471   0.4725   0.5896   0.7244   0.4874   0.7876   0.8229   0.7994
 38.000000   0.8184   0.7059   0.6125   0.4487   0.6129   0.7429   0.5154   0.8124   0.8116   0.8797
 38.200000   0.7804   0.7179   0.5556   0.4188   0.6417   0.7550   0.5224   0.7850   0.7200   0.8567
 38.400000   0.7664   0.6694   0.5878   0.4383   0.6187   0.7260   0.3839   0.8437   0.7795   0.7610
 38.600000   0.7291   0.6740   0.5343   0.4434   0.6539   0.7514   0.3694   0.8864   0.8351   0.7294
 38.800000   0.7565   0.6638   0.4933   0.4447   0.6820   0.7738   0.4005   0.8155   0.8008   0.7695
 39.000000   0.8233   0.7315   0.5087   0.4307   0.6867   0.8013   0.4235   0.7841   0.7641   0.7512
 39.200000   0.7506   0.6881   0.5282   0.5185   0.6105   0.7145   0.3622   0.7615   0.8080   0.6864
 39.400000   0.7934   0.7023   0.6113   0.5436   0.4763   0.6347   0.4111   0.6946   0.8175   0.6867
 39.600000   0.7963   0.6914   0.5673   0.5410   0.5690   0.5620   0.4456   0.5755   0.7868   0.7712
 39.800000   0.8076   0.6927   0.5763   0.5899   0.6451   0.6348   0.4436   0.5730   0.7921   0.7810
 40.000000   0.8199   0.7321   0.6172   0.6039   0.6039   0.6637   0.3852   0.6565   0.8119   0.6932
 40.200000   0.8149   0.7436   0.6279   0.5851   0.5493   0.5776   0.3838   0.6167   0.8041   0.6670
 40.400000   0.7867   0.7159   0.6099   0.6114   0.5454   0.6539   0.3886   0.6356   0.7767   0.6642
 40.600000   0.7545   0.6899   0.5458   0.5888   0.5614   0.5584   0.4015   0.6101   0.8324   0.7520
 40.800000   0.7069   0.7204   0.5189   0.6029   0.6013   0.6264   0.4223   0.6456   0.7947   0.7266
 41.000000   0.7249   0.7309   0.5102   0.5672   0.6032   0.7129   0.3866   0.6902   0.7484   0.6685
 41.200000   0.7041   0.6986   0.4789   0.5856   0.6618   0.6275   0.3516   0.6353   0.7811   0.7355
 41.400000   0.7582   0.7192   0.4969   0.5272   0.6909   0.6029   0.3580   0.6648   0.7930   0.7683
 41.600000   0.7970   0.7515   0.5406   0.5056   0.6488   0.5867   0.4094   0.6662   0.7926   0.7714
 41.800000   0.7671   0.7773   0.5624   0.5614   0.6052   0.6171   0.4053   0.7318   0.7604   0.6539
 42.000000   0.8013   0.7674   0.5728   0.5328   0.5969   0.5830   0.3836   0.7595   0.7539   0.6354
 42.200000   0.8086   0.7999   0.5569   0.4837   0.6236   0.5555   0.3923   0.7762   0.7722   0.6878
 42.400000   0.8607   0.8068   0.6031   0.5256   0.5838   0.5427   0.4231   0.7396   0.8111   0.6711
 42.600000   0.8413   0.7347   0.6825   0.6125   0.4939   0.5358   0.4475   0.7105   0.7721   0.6599
 42.800000   0.8728   0.6874   0.6979   0.6152   0.4672   0.5890   0.4291   0.6965   0.7895   0.6671
 43.000000   0.9254   0.7550   0.6503   0.5303   0.5543   0.6049   0.3935   0.6994   0.8267   0.6556
 43.200000   0.8420   0.7233   0.6857   0.6423   0.4937   0.5710   0.4589   0.6801   0.8211   0.6998
 43.400000   0.7553   0.6445   0.7428   0.7133   0.4660   0.5776   0.4799   0.7180   0.8029   0.7126
 43.600000   0.7861   0.6731   0.7274   0.6224   0.5120   0.6320   0.3877   0.7744   0.7754   0.6862
 43.800000   0.7971   0.7604   0.6225   0.5984   0.5819   0.6659   0.4321   0.7084   0.7670   0.6760
 44.000000   0.7881   0.6794   0.6459   0.5975   0.4825   0.6260   0.3874   0.6932   0.8046   0.6893
 44.200000   0.7976   0.6542   0.7015   0.6439   0.4015   0.5994   0.3917   0.6819   0.8544   0.6755
 44.400000   0.8018   0.5965   0.7528   0.6783   0.3829   0.5583   0.4337   0.6189   0.8463   0.7653
 44.600000   0.7912   0.5540   0.7789   0.7599   0.4145   0.5115   0.4823   0.5713   0.8537   0.7851
 44.800000   0.8372   0.6146   0.8091   0.7061   0.4169   0.5110   0.4813   0.5607   0.7506   0.7352
 45.000000   0.8450   0.6304   0.8207   0.7042   0.3669   0.4693   0.5801   0.4910   0.7500   0.7649
 45.200000   0.8753   0.6248   0.8102   0.7214   0.3311   0.4685   0.5343   0.5039   0.8049   0.7437
 45.400000   0.8997   0.6490   0.7879   0.6982   0.3690   0.4485   0.5373   0.5249   0.8385   0.7776
 45.600000   0.9353   0.6668   0.8382   0.6949   0.3294   0.4971   0.5544   0.5254   0.7810   0.7145
 45.800000   0.9452   0.6629   0.8284   0.7311   0.3515   0.5119   0.5348   0.4988   0.7897   0.7366
 46.000000   0.9110   0.6027   0.7797   0.6972   0.3815   0.4729   0.5061   0.5299   0.8441   0.7844
 46.200000   0.8697   0.6517   0.7868   0.6777   0.3932   0.4445   0.5173   0.5326   0.8199   0.7657
 46.400000   0.8708   0.6488   0.8234   0.7003   0.3941   0.4392   0.5300   0.5736   0.8378   0.7723
 46.600000   0.8879   0.6174   0.8162   0.6606   0.3852   0.4799   0.4923   0.5564   0.7964   0.7616
 46.800000   0.8821   0.5798   0.7829   0.7071   0.4246   0.4450   0.5317   0.5549   0.8756   0.8399
 47.000000   0.8908   0.5622   0.7613   0.6620   0.3980   0.5082   0.4814   0.5278   0.8168   0.7787
 47.200000   0.8486   0.6032   0.7786   0.6760   0.3947   0.4667   0.5366   0.5059   0.8008   0.7978
 47.400000   0.8506   0.6145   0.8046   0.6926   0.4031   0.4738   0.5435   0.5127   0.7876   0.8087
 47.600000   0.8588   0.5494   0.8059   0.6800   0.3983   0.4449   0.5469   0.5294   0.8262   0.8408
 47.800000   0.8434   0.5511   0.7821   0.6147   0.4659   0.4620   0.5319   0.5146   0.7712   0.8853
 48.000000   0.8389   0.5409   0.8093   0.6842   0.4113   0.4676   0.5420   0.5034   0.8137   0.8809
 48.200000   0.8017   0.5865   0.8139   0.7050   0.4244   0.4940   0.5257   0.5552   0.8151   0.8046
 48.400000   0.7852   0.6033   0.8156   0.6971   0.3916   0.5094   0.5683   0.5416   0.7949   0.7956
 48.600000   0.7599   0.6125   0.7528   0.6953   0.4594   0.6052   0.4850   0.5554   0.7819   0.7545
 48.800000   0.8293   0.6820   0.6931   0.6446   0.5078   0.6690   0.4045   0.5907   0.8197   0.6669
 49.000000   0.8221   0.6969   0.6876   0.6072   0.4895   0.5559   0.3734   0.6589   0.8902   0.6762
 49.200000   0.7955   0.7069   0.7125   0.6601   0.5196   0.4894   0.4377   0.6032   0.8841   0.7271
 49.400000   0.7336   0.5970   0.7840   0.7636   0.5621   0.4737   0.4396   0.6023   0.8878   0.7982
 49.600000   0.7484   0.5850   0.8093   0.7402   0.5694   0.4959   0.4766   0.5772   0.8402   0.8448
 49.800000   0.7607   0.5442   0.7790   0.7072   0.4483   0.5369   0.4982   0.5274   0.7590   0.7755
 50.000000   0.8058   0.6276   0.7712   0.6991   0.4459   0.5175   0.5293   0.5150   0.7880   0.7843
 50.200000   0.8336   0.6526   0.7886   0.6921   0.3914   0.4468   0.5067   0.5345   0.8354   0.7690
 50.400000   0.8640   0.6204   0.7886   0.6614   0.3734   0.4750   0.5257   0.5290   0.7939   0.7923
 50.600000   0.7934   0.5881   0.7647   0.7092   0.3740   0.4846   0.5180   0.5138   0.7554   0.7564
 50.800000   0.7787   0.6344   0.7741   0.7840   0.5038   0.5279   0.5218   0.5449   0.7545   0.7784
 51.000000   0.6692   0.6245   0.7879   0.8160   0.6690   0.5572   0.4899   0.6072   0.7036   0.7772
 51.200000   0.6279   0.6607   0.7292   0.8152   0.7349   0.6040   0.4628   0.6610   0.7165   0.7034
 51.400000   0.7074   0.7245   0.7220   0.7125   0.6858   0.5202   0.4316   0.6841   0.8083   0.7286
 51.600000   0.6690   0.5945   0.7476   0.7480   0.5897   0.5450   0.4520   0.5986   0.8256   0.7537
 51.800000   0.7367   0.5638   0.7358   0.7527   0.4846   0.5952   0.4458   0.5917   0.8536   0.7110
 52.000000   0.8379   0.6341   0.7085   0.6369   0.4633   0.5508   0.3941   0.5955   0.8754   0.7324
 52.200000   0.7775   0.6629   0.6660   0.6587   0.5776   0.5706   0.4411   0.6142   0.8428   0.7312
 52.400000   0.7556   0.6470   0.7267   0.6959   0.6098   0.5727   0.4346   0.6641   0.8148   0.7497
 52.600000   0.8231   0.6353   0.7758   0.6859   0.5239   0.6425   0.3839   0.7419   0.8015   0.6382
 52.800000   0.8201   0.6665   0.7414   0.6938   0.4808   0.5677   0.4728   0.6847   0.8267   0.7079
 53.000000   0.8076   0.7034   0.6713   0.6599   0.4901   0.5681   0.4538   0.7136   0.8162   0.6781
 53.200000   0.8553   0.6756   0.7091   0.6666   0.3768   0.6034   0.4313   0.7363   0.8340   0.5921
 53.400000   0.7835   0.6960   0.6462   0.6610   0.4194   0.5870   0.4926   0.6925   0.8244   0.6423
 53.600000   0.7807   0.5683   0.7531   0.7155   0.3270   0.5671   0.4927   0.6589   0.8076   0.7119
 53.800000   0.7443   0.5391   0.7773   0.7583   0.3651   0.6023   0.4524   0.6753   0.7714   0.6673
 54.000000   0.7780   0.5980   0.7972   0.7101   0.3463   0.6043   0.4758   0.6619   0.7265   0.6895
 54.200000   0.8015   0.6425   0.7903   0.7070   0.3409   0.5551   0.4596   0.6322   0.7615   0.7029
 54.400000   0.8275   0.6734   0.7840   0.6780   0.3329   0.5113   0.4416   0.6326   0.8294   0.6923
 54.600000   0.8581   0.6520   0.7538   0.6403   0.3343   0.5235   0.4226   0.5984   0.8165   0.6933
 54.800000   0.8768   0.6941   0.7275   0.6274   0.4148   0.5478   0.3843   0.5741   0.8115   0.7214
 55.000000   0.7659   0.6449   0.7530   0.7258   0.3243   0.5321   0.3914   0.5921   0.8353   0.6214
 55.200000   0.7770   0.6774   0.7066   0.6964   0.3362   0.5878   0.4473   0.5490   0.7761   0.6491
 55.400000   0.7296   0.6379   0.6589   0.6794   0.3717   0.6608   0.4470   0.5497   0.7853   0.6602
 55.600000   0.6945   0.5957   0.6194   0.6601   0.4267   0.6674   0.3812   0.6314   0.8260   0.7072
 55.800000   0.6466   0.5474   0.6425   0.6953   0.4401   0.7359   0.3937   0.6891   0.7825   0.6672
 56.000000   0.5958   0.5150   0.6355   0.7885   0.5008   0.8261   0.5083   0.6958   0.7051   0.6691
 56.200000   0.5793   0.4965   0.6653   0.8026   0.5323   0.8579   0.6197   0.6514   0.5932   0.6758
 56.400000   0.6237   0.5060   0.7078   0.8134   0.5017   0.8680   0.5892   0.6887   0.5833   0.5900
 56.600000   0.6226   0.5574   0.6896   0.8462   0.5348   0.8470   0.6669   0.5966   0.5252   0.5784
 56.800000   0.5918   0.5217   0.7552   0.9143   0.4875   0.7754   0.6941   0.5429   0.5371   0.5690
 57.000000   0.5781   0.5697   0.7592   0.8861   0.4880   0.7509   0.7332   0.5432   0.5209   0.5546
 57.200000   0.6686   0.5607   0.8336   0.9202   0.5033   0.7330   0.7254   0.4581   0.5348   0.6756
 57.400000   0.7437   0.5457   0.8784   0.8731   0.4300   0.7112   0.7046   0.4822   0.5473   0.6828
 57.600000   0.7202   0.6013   0.8784   0.8393   0.4516   0.6593   0.7388   0.4207   0.5410   0.7871
 57.800000   0.7584   0.6259   0.8923   0.8161   0.4141   0.7155   0.7275   0.4542   0.4817   0.7359
 58.000000   0.7176   0.5995   0.8794   0.8633   0.3750   0.7336   0.6621   0.5121   0.5346   0.6387
 58.200000   0.6178   0.5078   0.8933   0.9318   0.4020   0.7514   0.6748   0.5388   0.5353   0.6276
 58.400000   0.5658   0.4961   0.8289   0.9407   0.4780   0.8201   0.6246   0.6134   0.5548   0.6455
 58.600000   0.5915   0.4801   0.8166   0.8698   0.4610   0.7819   0.5758   0.6120   0.5555   0.6835
 58.800000   0.6476   0.5087   0.8028   0.7933   0.4021   0.7726   0.6228   0.6005   0.5056   0.6636
 59.000000   0.6641   0.5668   0.7567   0.7532   0.4612   0.7593   0.7061   0.5440   0.4710   0.7358
 59.200000   0.6459   0.4983   0.7667   0.7608   0.5374   0.7504   0.7126   0.5370   0.4862   0.8562
 59.400000   0.6657   0.4941   0.7628   0.6992   0.5263   0.7595   0.7394   0.5616   0.4953   0.8873
 59.600000   0.7302   0.5567   0.7610   0.6354   0.4203   0.7777   0.8199   0.5164   0.4214   0.8699
 59.800000   0.7085   0.4910   0.7855   0.6968   0.4521   0.7753   0.7425   0.5765   0.4871   0.8351
 60.000000   0.6578   0.3981   0.7950   0.7699   0.4804   0.7741   0.7121   0.5397   0.4932   0.8446
 60.200000   0.6145   0.3955   0.7627   0.7805   0.5011   0.7164   0.7519   0.3937   0.4942   0.8996
 60.400000   0.6597   0.4087   0.7624   0.7221   0.4726   0.7495   0.7268   0.4622   0.4619   0.8783
 60.600000   0.7058   0.3911   0.7922   0.7134   0.4521   0.7642   0.7079   0.5089   0.4725   0.8686
 60.800000   0.6461   0.4040   0.7720   0.7554   0.4649   0.7355   0.7555   0.4364   0.4676   0.8697
 61.000000   0.6033   0.3911   0.8216   0.7982   0.4366   0.7334   0.7230   0.5037   0.4650   0.7995
 61.200000   0.5852   0.3634   0.8215   0.8265   0.4440   0.7309   0.7242   0.4866   0.4953   0.8250
 61.400000   0.5773   0.3727   0.7560   0.8083   0.4864   0.7831   0.7102   0.4779   0.4807   0.8092
 61.600000   0.6419   0.3814   0.7710   0.7864   0.4469   0.7551   0.7231   0.4370   0.4734   0.8076
 61.800000   0.6401   0.3786   0.7582   0.8176   0.4570   0.7888   0.7028   0.4031   0.4513   0.7674
 62.000000   0.6452   0.4797   0.7828   0.8784   0.4189   0.7802   0.7262   0.4109   0.5138   0.7355
 62.200000   0.6481   0.3899   0.7689   0.8686   0.4059   0.8350   0.6982   0.4419   0.4766   0.6718
 62.400000   0.6400   0.3905   0.7834   0.8335   0.4634   0.8166   0.7252   0.4299   0.5021   0.7576
 62.600000   0.6458   0.4086   0.7850   0.8045   0.4545   0.7790   0.7207   0.4527   0.5732   0.8365
 62.800000   0.6676   0.4092   0.7994   0.7811   0.4898   0.7012   0.7334   0.4468   0.6628   0.9297
 63.000000   0.6907   0.3639   0.8002   0.7845   0.4872   0.7194   0.7114   0.4360   0.6664   0.9052
 63.200000   0.7321   0.4131   0.7671   0.7146   0.4450   0.7887   0.7176   0.4017   0.5561   0.8640
 63.400000   0.7630   0.4428   0.7751   0.6966   0.4576   0.8367   0.7322   0.3921   0.4987   0.8738
 63.600000   0.7193   0.4424   0.7913   0.7569   0.4522   0.8412   0.7308   0.4426   0.5149   0.8089
 63.800000   0.6619   0.4723   0.7741   0.7380   0.4303   0.7581   0.7308   0.3982   0.5645   0.7973
 64.000000   0.7090   0.5269   0.7617   0.7237   0.4609   0.7267   0.7327   0.4019   0.6182   0.8482
 64.200000   0.6759   0.5483   0.7734   0.7186   0.5292   0.7933   0.7493   0.4404   0.5015   0.8061
 64.400000   0.6222   0.5600   0.7785   0.7834   0.6047   0.7989   0.7467   0.4389   0.4672   0.7942
 64.600000   0.6155   0.6013   0.7519   0.8076   0.6032   0.8022   0.7404   0.4463   0.4744   0.7497
 64.800000   0.6405   0.7844   0.6365   0.7114   0.6841   0.7197   0.7136   0.4073   0.5377   0.7515
 65.000000   0.6104   0.7670   0.5849   0.7477   0.7586   0.7419   0.6202   0.4758   0.5565   0.7408
 65.200000   0.5983   0.7233   0.5024   0.7164   0.7759   0.8133   0.5502   0.4899   0.5085   0.6871
 65.400000   0.5708   0.7555   0.4477   0.7574   0.8356   0.8188   0.5150   0.5198   0.5137   0.6506
 65.600000   0.5679   0.7702   0.5234   0.7537   0.7197   0.8115   0.5388   0.5897   0.4750   0.5284
 65.800000   0.6221   0.8109   0.4523   0.7058   0.8116   0.7937   0.4670   0.6205   0.5376   0.5594
 66.000000   0.6555   0.8117   0.4868   0.6393   0.8426   0.7859   0.4910   0.6231   0.4794   0.6172
 66.200000   0.6984   0.8309   0.5305   0.6380   0.7422   0.7608   0.5318   0.6368   0.5092   0.5738
 66.400000   0.6984   0.7960   0.5080   0.5984   0.6673   0.7204   0.4491   0.6590   0.6149   0.5836
 66.600000   0.7505   0.7870   0.5695   0.5650   0.5843   0.6970   0.4012   0.7070   0.6850   0.6448
 66.800000   0.7543   0.7924   0.6065   0.6011   0.5199   0.7368   0.5699   0.6103   0.5440   0.6599
 67.000000   0.6858   0.7801   0.5402   0.6212   0.5697   0.8249   0.6312   0.5977   0.4245   0.6112
 67.200000   0.6622   0.7230   0.5337   0.6639   0.6329   0.8677   0.5707   0.6403   0.5071   0.6639
 67.400000   0.5588   0.7230   0.4659   0.7283   0.7518   0.7875   0.5639   0.6221   0.5662   0.7152
 67.600000   0.5393   0.7522   0.5027   0.7028   0.7320   0.7788   0.6019   0.6715   0.4985   0.6614
 67.800000   0.5162   0.7340   0.5984   0.6992   0.7547   0.7718   0.5839   0.7581   0.4658   0.6046
 68.000000   0.6012   0.7418   0.5154   0.6668   0.7829   0.7392   0.6335   0.6060   0.4340   0.7348
 68.200000   0.6763   0.7980   0.5060   0.5831   0.7357   0.7261   0.6171   0.6821   0.5035   0.6995
 68.400000   0.6996   0.7446   0.5558   0.5974   0.6375   0.7529   0.6132   0.7108   0.5232   0.6691
 68.600000   0.7197   0.7178   0.5653   0.5819   0.6277   0.7466   0.6442   0.6631   0.5813   0.7476
 68.800000   0.7663   0.7392   0.5776   0.5427   0.6251   0.7823   0.7055   0.6469   0.6311   0.8173
 69.000000   0.7433   0.6959   0.5699   0.5668   0.5586   0.7633   0.6935   0.6532   0.7316   0.8169
 69.200000   0.7329   0.7031   0.5534   0.5566   0.6127   0.7414   0.6662   0.6744   0.7840   0.8905
 69.400000   0.7888   0.7728   0.4333   0.4761   0.6706   0.7626   0.6484   0.6061   0.7308   0.8593
 69.600000   0.7406   0.7027   0.4721   0.5895   0.6305   0.7513   0.6084   0.5549   0.7096   0.8740
 69.800000   0.7742   0.6682   0.6036   0.5814   0.4691   0.7112   0.5645   0.5402   0.6205   0.7583
 70.000000   0.8153   0.6892   0.6141   0.5682   0.4637   0.7010   0.6118   0.4786   0.5506   0.7924
 70.200000   0.8468   0.6382   0.6910   0.5748   0.3972   0.6601   0.6555   0.4273   0.5250   0.8178
 70.400000   0.8295   0.5727   0.7434   0.6138   0.3814   0.6126   0.6263   0.3792   0.5350   0.8184
 70.600000   0.8170   0.5343   0.8167   0.7145   0.3336   0.6139   0.6513   0.3988   0.5038   0.7983
 70.800000   0.7952   0.5757   0.7777   0.7169   0.3591   0.5436   0.6369   0.3977   0.5308   0.8015
 71.000000   0.8744   0.6531   0.7474   0.6347   0.3407   0.5835   0.6353   0.3886   0.5196   0.7621
 71.200000   0.8877   0.6430   0.7633   0.6049   0.3121   0.5952   0.6471   0.3910   0.4912   0.7517
 71.400000   0.8254   0.6230   0.7804   0.6704   0.3382   0.5762   0.6788   0.3673   0.5366   0.8000
 71.600000   0.7945   0.5718   0.8120   0.7393   0.3245   0.6418   0.6578   0.4188   0.5263   0.7441
 71.800000   0.7183   0.5223   0.7357   0.7686   0.4463   0.6492   0.6611   0.3697   0.5304   0.8252
 72.000000   0.6664   0.4943   0.7433   0.7490   0.4298   0.6779   0.6906   0.4223   0.5307   0.8448
 72.200000   0.6804   0.5331   0.6999   0.6984   0.3337   0.6482   0.7198   0.3736   0.5382   0.7723
 72.400000   0.6526   0.5603   0.6643   0.6995   0.3634   0.6728   0.7701   0.3629   0.5467   0.7995
 72.600000   0.6180   0.5038   0.7235   0.7037   0.3489   0.6479   0.7700   0.4101   0.5089   0.7883
 72.800000   0.5891   0.4453   0.7726   0.7720   0.3998   0.6919   0.7934   0.4358   0.4519   0.7926
 73.000000   0.5989   0.4852   0.7245   0.7338   0.4212   0.7052   0.7816   0.4363   0.4653   0.8103
 73.200000   0.6999   0.5694   0.7119   0.6967   0.3455   0.7419   0.7828   0.4451   0.4715   0.7491
 73.400000   0.7068   0.5907   0.7179   0.7407   0.3245   0.6774   0.7886   0.3719   0.5480   0.7726
 73.600000   0.7473   0.6223   0.7314   0.6950   0.3462   0.6337   0.7641   0.3712   0.5442   0.7847
 73.800000   0.7535   0.5913   0.7395   0.6535   0.4067   0.6209   0.7166   0.4065   0.5467   0.8253
 74.000000   0.7885   0.5679   0.7079   0.6343   0.3571   0.6080   0.6631   0.3730   0.5193   0.8066
 74.200000   0.8131   0.6076   0.7409   0.6466   0.3283   0.5692   0.6391   0.4145   0.5245   0.7817
 74.400000   0.7916   0.6067   0.7595   0.6724   0.3403   0.5792   0.6546   0.4021   0.5150   0.8049
 74.600000   0.7939   0.6088   0.6960   0.6656   0.3801   0.5765   0.6184   0.3784   0.5268   0.7920
 74.800000   0.8105   0.6131   0.7220   0.6168   0.3529   0.5794   0.6378   0.3776   0.5035   0.7817
 75.000000   0.8045   0.6458   0.7688   0.6658   0.3430   0.5414   0.6345   0.4375   0.5552   0.8165
 75.200000   0.7894   0.6170   0.7268   0.6599   0.3469   0.6319   0.6495   0.3798   0.4860   0.7823
 75.400000   0.7609   0.5973   0.7681   0.6847   0.3520   0.6130   0.6676   0.4000   0.5457   0.7784
 75.600000   0.7135   0.5717   0.7234   0.7300   0.4024   0.6096   0.6723   0.3446   0.5550   0.8278
 75.800000   0.7719   0.5780   0.7658   0.7076   0.3845   0.6404   0.6224   0.4225   0.5590   0.8236
 76.000000   0.8138   0.5515   0.7841   0.6934   0.3431   0.6087   0.6583   0.3874   0.5606   0.7956
 76.200000   0.8052   0.6957   0.7381   0.6650   0.3976   0.5181   0.7303   0.3789   0.6309   0.8269
 76.400000   0.8594   0.7360   0.7492   0.6453   0.3607   0.5712   0.6973   0.4110   0.5869   0.7436
 76.600000   0.8424   0.6974   0.6933   0.6643   0.4646   0.5563   0.6047   0.4356   0.6368   0.7909
 76.800000   0.8200   0.7182   0.7163   0.6665   0.5346   0.5743   0.6423   0.4579   0.6156   0.8297
 77.000000   0.7988   0.6536   0.7860   0.7503   0.5066   0.6662   0.7050   0.4511   0.5138   0.8115
 77.200000   0.7376   0.6223   0.7602   0.7795   0.5713   0.7146   0.7138   0.4360   0.4752   0.8126
 77.400000   0.7103   0.6288   0.7684   0.7970   0.5469   0.6827   0.7034   0.4532   0.5096   0.8068
 77.600000   0.7490   0.6562   0.7323   0.7164   0.4728   0.7044   0.7936   0.3951   0.4851   0.8182
 77.800000   0.8103   0.6385   0.7552   0.6508   0.4020   0.6430   0.7257   0.4296   0.5863   0.8234
 78.000000   0.7808   0.5977   0.7225   0.6521   0.3993   0.6462   0.7479   0.3881   0.5915   0.8517
 78.200000   0.7588   0.6201   0.7236   0.6807   0.3899   0.6941   0.7089   0.4284   0.5997   0.7967
 78.400000   0.7627   0.6126   0.7111   0.7020   0.3904   0.7314   0.6902   0.4176   0.5813   0.7683
 78.600000   0.8033   0.6166   0.7301   0.6672   0.4429   0.6858   0.7033   0.3717   0.5741   0.8598
 78.800000   0.8030   0.6290   0.7062   0.6304   0.4822   0.6291   0.6770   0.3864   0.6055   0.8891
 79.000000   0.7512   0.6632   0.6718   0.6430   0.5620   0.6326   0.6537   0.4030   0.6078   0.9025
 79.200000   0.7484   0.7325   0.5768   0.6157   0.6576   0.6595   0.6347   0.4295   0.6302   0.8703
 79.400000   0.7156   0.7357   0.5450   0.5604   0.6844   0.6475   0.5957   0.5020   0.6605   0.8853
 79.600000   0.7306   0.6939   0.5499   0.5602   0.7132   0.7094   0.6273   0.5072   0.6417   0.9242
 79.800000   0.7110   0.6647   0.5231   0.5797   0.7686   0.7600   0.6660   0.4808   0.5758   0.9393
 80.000000   0.7051   0.6815   0.5361   0.6070   0.7373   0.7910   0.6779   0.5307   0.6271   0.9139
 80.200000   0.7254   0.7426   0.5181   0.5823   0.6635   0.7595   0.7250   0.4775   0.6273   0.8872
 80.400000   0.7830   0.7550   0.5807   0.5717   0.4967   0.7639   0.7821   0.4249   0.6017   0.7876
 80.600000   0.7964   0.6873   0.6521   0.6669   0.3627   0.7757   0.8110   0.3677   0.5436   0.7578
 80.800000   0.7588   0.6659   0.6212   0.6543   0.4183   0.7585   0.7672   0.3927   0.5308   0.7735
 81.000000   0.7010   0.6117   0.6032   0.6341   0.4969   0.7063   0.7123   0.3983   0.5139   0.8425
 81.200000   0.6450   0.5812   0.6236   0.6845   0.5355   0.7213   0.7332   0.3775   0.4853   0.8867
 81.400000   0.6150   0.5465   0.6226   0.7128   0.4632   0.6789   0.6503   0.4450   0.5303   0.7991
 81.600000   0.6557   0.5394   0.6411   0.6762   0.4079   0.7245   0.6620   0.4770   0.4735   0.7905
 81.800000   0.6883   0.5116   0.6717   0.6913   0.3725   0.7149   0.6578   0.4090   0.4967   0.8165
 82.000000   0.6860   0.5501   0.7313   0.7262   0.3244   0.6660   0.6856   0.4288   0.5507   0.7788
 82.200000   0.7276   0.6030   0.7399   0.6875   0.3334   0.6104   0.7353   0.4033   0.5679   0.7798
 82.400000   0.7404   0.5985   0.7518   0.7008   0.3492   0.6321   0.7174   0.4089   0.5405   0.8015
 82.600000   0.6843   0.5035   0.7512   0.7240   0.4529   0.6451   0.7104   0.3647   0.5181   0.8922
 82.800000   0.6679   0.4953   0.6938   0.6972   0.4930   0.6473   0.6981   0.3827   0.5658   0.9269
 83.000000   0.6920   0.5206   0.6773   0.6538   0.4403   0.6166   0.6929   0.3616   0.6082   0.9185
 83.200000   0.7063   0.6081   0.6967   0.6214   0.3849   0.5393   0.6536   0.4449   0.7092   0.8511
 83.400000   0.6698   0.5476   0.7566   0.6867   0.3018   0.4679   0.5375   0.5265   0.7723   0.7583
 83.600000   0.5824   0.5641   0.6919   0.7153   0.3809   0.5482   0.5010   0.5774   0.7617   0.7907
 83.800000   0.5920   0.6597   0.6818   0.6843   0.4194   0.5057   0.4553   0.6625   0.7877   0.7113
 84.000000   0.5960   0.6672   0.6577   0.6397   0.4199   0.5562   0.4274   0.6910   0.7040   0.6594
 84.200000   0.5978   0.6689   0.6263   0.6050   0.4960   0.5376   0.3683   0.7526   0.7585   0.7358
 84.400000   0.6057   0.6353   0.5497   0.6394   0.6118   0.5338   0.4587   0.6295   0.7642   0.8702
 84.600000   0.6120   0.5935   0.6646   0.6601   0.5999   0.4955   0.4964   0.5794   0.7300   0.9153
 84.800000   0.6967   0.5641   0.7611   0.6670   0.4130   0.4713   0.4451   0.6395   0.7930   0.8015
 85.000000   0.7461   0.5645   0.7362   0.6702   0.3619   0.4791   0.4820   0.5746   0.8282   0.7966
 85.200000   0.7507   0.5804   0.6785   0.6395   0.3494   0.4988   0.4087   0.5790   0.7918   0.7281
 85.400000   0.7941   0.5744   0.8037   0.6366   0.3364   0.5373   0.4447   0.6321   0.6972   0.7462
 85.600000   0.7437   0.6066   0.7438   0.6268   0.4233   0.4572   0.4332   0.6225   0.7238   0.7976
 85.800000   0.7929   0.6148   0.7146   0.6352   0.3701   0.5206   0.4415   0.5725   0.6783   0.7513
 86.000000   0.8375   0.5915   0.7817   0.6100   0.3305   0.4985   0.4168   0.6378   0.7231   0.7289
 86.200000   0.8008   0.5890   0.7511   0.6810   0.4099   0.4790   0.4159   0.6123   0.7783   0.7763
 86.400000   0.7560   0.6805   0.6790   0.6975   0.4943   0.5010   0.3882   0.6448   0.8101   0.7568
 86.600000   0.7232   0.6714   0.7230   0.6969   0.4375   0.4676   0.4647   0.6069   0.7505   0.7530
 86.800000   0.5958   0.6009   0.7916   0.7691   0.4267   0.4997   0.6066   0.5032   0.6653   0.8244
 87.000000   0.5414   0.4522   0.7838   0.8091   0.4601   0.5353   0.6261   0.4194   0.6297   0.8510
 87.200000   0.5874   0.4540   0.7518   0.8028   0.4913   0.5354   0.5425   0.3995   0.6872   0.8853
 87.400000   0.6758   0.5373   0.7942   0.7604   0.3648   0.4551   0.4966   0.4463   0.7583   0.7999
 87.600000   0.6606   0.5754   0.7835   0.7621   0.4000   0.4977   0.5732   0.3664   0.7028   0.8500
 87.800000   0.6264   0.4958   0.7886   0.8245   0.4298   0.5173   0.5369   0.4151   0.7152   0.8357
 88.000000   0.6397   0.5451   0.7921   0.8330   0.4551   0.4797   0.5253   0.4882   0.7577   0.8359
 88.200000   0.6049   0.4984   0.8238   0.8790   0.4966   0.4748   0.5952   0.4920   0.7514   0.8496
 88.400000   0.5847   0.5418   0.8547   0.8978   0.5498   0.5345   0.6444   0.4718   0.6310   0.8317
 88.600000   0.6392   0.6059   0.8540   0.8396   0.5266   0.4861   0.6772   0.4685   0.6278   0.8424
 88.800000   0.6332   0.5459   0.8925   0.8848   0.5304   0.5172   0.7083   0.4508   0.6254   0.8543
 89.000000   0.6236   0.5036   0.8866   0.9218   0.5310   0.5399   0.6882   0.4274   0.6343   0.8430
 89.200000   0.6502   0.6044   0.8784   0.8918   0.4633   0.4893   0.6013   0.4941   0.6664   0.7937
 89.400000   0.6214   0.5495   0.8799   0.9043   0.4619   0.4940   0.6050   0.4961   0.7172   0.8115
 89.600000   0.5775   0.4245   0.8315   0.8973   0.4717   0.5186   0.6264   0.4163   0.6595   0.7609
 89.800000   0.6429   0.5042   0.8820   0.9257   0.4197   0.5587   0.6617   0.4195   0.6512   0.7604
 90.000000   0.6368   0.5815   0.8815   0.9182   0.4509   0.5310   0.6230   0.4555   0.6238   0.7533
 90.200000   0.6710   0.6423   0.8285   0.8594   0.4266   0.5392   0.5953   0.5026   0.6396   0.7387
 90.400000   0.6243   0.6728   0.7166   0.8317   0.4716   0.5034   0.6304   0.4582   0.6736   0.7562
 90.600000   0.6474   0.6651   0.7297   0.7925   0.5463   0.4718   0.6042   0.5098   0.6828   0.8585
 90.800000   0.6253   0.6138   0.7346   0.7807   0.5499   0.5019   0.6078   0.4873   0.6417   0.8787
 91.000000   0.6467   0.5778   0.7231   0.8368   0.4457   0.4722   0.6176   0.4047   0.7208   0.8360
 91.200000   0.6557   0.5445   0.7549   0.8305   0.3572   0.5559   0.6356   0.4048   0.6405   0.7734
 91.400000   0.5632   0.4464   0.7511   0.8507   0.4075   0.6394   0.6537   0.4118   0.6025   0.7804
 91.600000   0.4982   0.4322   0.7541   0.8623   0.4840   0.5866   0.6036   0.5016   0.6875   0.8102
 91.800000   0.5213   0.4033   0.7911   0.8403   0.3974   0.5651   0.6277   0.4747   0.6866   0.8279
 92.000000   0.5490   0.3823   0.7714   0.7880   0.4438   0.5160   0.6663   0.3884   0.6696   0.8727
 92.200000   0.5791   0.3648   0.7638   0.7720   0.4658   0.5795   0.6692   0.3985   0.6464   0.8921
 92.400000   0.5766   0.3577   0.7563   0.7885   0.4812   0.5468   0.6094   0.4310   0.6706   0.9129
 92.600000   0.5581   0.3574   0.7946   0.8415   0.5341   0.5543   0.6176   0.4691   0.6808   0.9002
 92.800000   0.5311   0.4021   0.7951   0.8298   0.5316   0.6023   0.6289   0.5135   0.6269   0.8867
 93.000000   0.5467   0.4279   0.7665   0.7787   0.4742   0.6168   0.5524   0.6068   0.6165   0.8413
 93.200000   0.5776   0.4200   0.7758   0.7490   0.5305   0.5944   0.5873   0.5888   0.5799   0.9021
 93.400000   0.5631   0.3701   0.7933   0.8198   0.4821   0.6204   0.6047   0.5391   0.5725   0.8010
 93.600000   0.5189   0.4233   0.7686   0.8515   0.4975   0.5702   0.5808   0.5600   0.6590   0.8187
 93.800000   0.5421   0.4604   0.7474   0.8198   0.4658   0.5377   0.5962   0.5580   0.7029   0.8430
 94.000000   0.5874   0.5361   0.7435   0.8171   0.3942   0.5111   0.6252   0.5464   0.7102   0.7574
 94.200000   0.5903   0.5608   0.7725   0.8766   0.4156   0.4978   0.6593   0.4843   0.6848   0.7478
 94.400000   0.6084   0.5231   0.8092   0.9171   0.4423   0.5995   0.7190   0.4265   0.5872   0.6952
 94.600000   0.5295   0.5328   0.8075   0.9430   0.5603   0.6831   0.7290   0.4600   0.5113   0.6697
 94.800000   0.5359   0.6449   0.7517   0.9355   0.6181   0.6290   0.7754   0.4161   0.5204   0.6950
 95.000000   0.5983   0.6949   0.7388   0.8974   0.5884   0.5733   0.7207   0.4554   0.5125   0.6739
 95.200000   0.6894   0.7282   0.7714   0.8537   0.5549   0.5690   0.6756   0.4812   0.5224   0.7434
 95.400000   0.6713   0.6577   0.7987   0.8525   0.5635   0.5044   0.5169   0.5625   0.6327   0.7629
 95.600000   0.6796   0.7078   0.7113   0.8109   0.5925   0.5104   0.4461   0.5888   0.7105   0.7608
 95.800000   0.6943   0.7736   0.6936   0.7444   0.5187   0.5162   0.4911   0.5534   0.6517   0.6674
 96.000000   0.6772   0.8588   0.6751   0.7538   0.6337   0.4376   0.4974   0.5837   0.7122   0.7039
 96.200000   0.6473   0.8622   0.6365   0.7989   0.6512   0.4902   0.4575   0.5595   0.7009   0.6130
 96.400000   0.5833   0.8243   0.5971   0.8586   0.7234   0.5392   0.4252   0.4998   0.7014   0.6171
 96.600000   0.6405   0.8676   0.5656   0.8361   0.7870   0.5142   0.4354   0.4516   0.7365   0.6914
 96.800000   0.7079   0.8856   0.5538   0.8370   0.7838   0.5072   0.4320   0.4621   0.8026   0.6918
 97.000000   0.7070   0.8748   0.5562   0.8008   0.7071   0.5048   0.4173   0.5217   0.8535   0.5759
 97.200000   0.6760   0.8945   0.5438   0.7941   0.7404   0.5366   0.4544   0.5417   0.8326   0.6045
 97.400000   0.6589   0.8948   0.5512   0.7947   0.8007   0.4988   0.4432   0.6408   0.8655   0.6486
 97.600000   0.6589   0.8939   0.5676   0.7544   0.8199   0.4779   0.4674   0.6738   0.7980   0.6883
 97.800000   0.5971   0.9073   0.5399   0.7968   0.8751   0.4598   0.4858   0.6747   0.7574   0.6970
 98.000000   0.6228   0.9211   0.5687   0.7679   0.8456   0.5504   0.5014   0.6835   0.6609   0.6123
 98.200000   0.6473   0.9043   0.5043   0.7083   0.8611   0.6231   0.4577   0.6806   0.5953   0.5499
 98.400000   0.6542   0.9062   0.5721   0.7775   0.8289   0.6589   0.4819   0.7353   0.6012   0.4877
 98.600000   0.6393   0.8754   0.6049   0.8763   0.8107   0.6800   0.4858   0.6976   0.6434   0.4527
 98.800000   0.6526   0.8973   0.5927   0.9169   0.8303   0.6555   0.4383   0.7023   0.7355   0.4662
 99.000000   0.6589   0.8626   0.5737   0.8339   0.7581   0.5791   0.4159   0.6834   0.7332   0.5198
 99.200000   0.7290   0.8592   0.6046   0.7986   0.6876   0.5891   0.4430   0.6059   0.6747   0.5634
 99.400000   0.8273   0.8383   0.6288   0.7520   0.6547   0.5770   0.4649   0.5240   0.6641   0.6593
 99.600000   0.8364   0.8609   0.6738   0.7641   0.6194   0.6030   0.5869   0.4585   0.6131   0.7358
 99.800000   0.7233   0.8497   0.6352   0.7849   0.5692   0.6261   0.6808   0.3984   0.5782   0.7387
 100.000000   0.6896   0.7569   0.6602   0.7517   0.4456   0.6355   0.6210   0.4347   0.5276   0.6327
