#! FIELDS time sw sigma_sw height
#! SET action OPES_METAD_state
#! SET biasfactor       20.04539278523306
#! SET epsilon   6.875415017100841e-10
#! SET kernel_cutoff        6.49582926531879
#! SET compression_threshold                       1
#! SET zed     0.07353482762697167
#! SET sum_weights       145305.9129364065
#! SET sum_weights2       696485.7966721703
#! SET counter  99992
#! SET adaptive_counter  50000000
#! SET sigma0_sw      0.1374368885261097
#! SET av_cv_sw      -2.078735920458842
#! SET av_M2_sw       10372540.98939143
                 100000     -3.476476438175306    0.02469154640715739      37334.24357690808
                 100000     -2.880641634654764    0.02616683132475955      76623.13972931642
                 100000     -2.569583556212451    0.02374348746796975      32693.78009786265
                 100000     -2.018173553958313    0.02231815364405927         355.3232181342
                 100000     -1.418901587592688    0.02462458045710361      5.168032036621693
                 100000     -2.245564554880402    0.02334530227451629      3226.313505089207
                 100000     -1.287456431070145    0.02382924791275738      2.064038493611907
                 100000    -0.6673884491095501     0.0218750336332762     0.1131911249211763
                 100000    -0.9338336098395594    0.02376778143361668     0.4232821044509529
                 100000     -1.692046868051715    0.02428989751613822      31.55843263312917
                 100000     -3.157286920245521    0.02473716726421058        66966.188661767
                 100000     -3.631607703526273    0.02351392724897698      6991.995193470922
                 100000     -3.403960498153257    0.02450174528738296      46962.57458698023
                 100000     -2.713705859694887    0.02450454876833506      49940.49837186655
                 100000     -1.117337974130459    0.02294763571495761     0.8910275421473769
                 100000    -0.5916375512953306    0.02202515319139508    0.06506075347619913
                 100000    -0.5154576979180773    0.02229750145353635    0.04376471064394088
                 100000     -1.884356893061752    0.02298365450816706      127.0372073742895
                 100000     -2.448122226827133     0.0234831629564914      15854.46043963359
                 100000     -3.272207038984467     0.0237367278419301       64725.3583690941
                 100000     -3.041560597175747    0.02329964293292327      64929.65259057793
                 100000     -2.340042684622415    0.02317235926874849      7142.804455263155
                 100000     -2.143265851718691    0.02322508014419966       1144.79878908828
                 100000    -0.2079922174528771    0.02129604935769834  0.0005103494219334698
                 100000    -0.4219878850262143    0.02284577838534275    0.01866979294583036
                 100000    -0.8176324161727799    0.02193056305355592     0.2346287025930893
                 100000     -1.586104661646787    0.02279707526842067      13.48515172508062
                 100000      -1.78009726966492    0.02346728176809922      62.87938018399203
                 100000     -1.517651903900602    0.02268869058569931      8.640015858797643
                 100000     -1.953082906784741    0.02322647484767834      224.9580724124018
                 100000    -0.9905805770095953    0.02223874269970246     0.4765071285207665
                 100000    -0.2983797773735626    0.02202955382547128   0.003785823481064102
                 100000    -0.1171564704410575    0.02305890295759145   9.48741021639789e-05
                 100000   -0.03974294955886449    0.02303125205593061  8.058180655960454e-05
                 100000    0.09813177253702311    0.02388338587170396  6.448191801174043e-05
                 100000     0.2192300468732702    0.02313023426039226  4.764582596455796e-05
                 100000     0.4284613340904235    0.02334544561590178  2.888258640843903e-05
                 100000     0.6550106104114196    0.02148456660697418  1.923643732351988e-05
                 100000     0.9367904903346665    0.02169961464509907   2.69014047194566e-05
                 100000     0.5836852869030107    0.02198641535130787  2.079676694455314e-05
                 100000     0.3191752983358265    0.02178161108024985  3.381636155489348e-05
                 100000     0.6951235608470754    0.02056725733148781  1.626846003557634e-05
                 100000     0.9940563653307678    0.02303594453552869  4.311584223882701e-05
                 100000      1.113464352129079    0.02313092166925453  2.187474883913668e-05
                 100000     0.4892825767849737    0.02239012165059184   2.42492915449311e-05
                 100000    0.04831746015416574    0.02216020411881044  6.411537154533008e-05
                 100000      1.052884168721678    0.02314096330663069  3.731254906022803e-05
                 100000     0.7693529219057971    0.02472415104836249  2.200483531549909e-05
                 100000     0.8229952042892057    0.02361938551932856  1.743360525135441e-05
                 100000      1.161069428777444    0.02163593611557318   9.21392909015297e-06
                 100000     0.2692741547844596    0.02187587132272644  4.391922460355139e-05
                 100000     0.3654352229056836    0.02201720759135081  3.120663264149931e-05
                 100000     0.1707549509539595    0.02227219314023515  4.442571604534948e-05
                 100000    -0.3605628956812984    0.02269721090372225   0.008275761737064074
                 100000    -0.7433496826814886     0.0217785190626243     0.1572828088315834
                 100000     -1.065779988856115    0.02230996415089539     0.6185874462640427
                 100000     -0.864959797470836     0.0224501790586551     0.3069692268339603
                 100000     -1.173392949794377     0.0219975983236861      1.113215406234661
                 100000     -3.567318414979878    0.02208243587413067      13651.04537618627
                 100000     -2.640026042480709    0.02197211512313346      36272.43793896197
                 100000     -2.784710243651005    0.02245278851188672      52675.90891749453
                 100000     -2.964264323379308    0.02228165122173602       57001.0887030918
                 100000     -2.084713106469151    0.02164377183125106      623.7838026734701
                 100000     -4.033894595678232    0.02037078275008461      2.534704203969525
                 100000     -3.745365922128987    0.02169668421152104      1507.317270939055
                 100000     -3.865552498153321    0.02055973246239319      208.8337349922075
                 100000      -3.94931782092591    0.02037113339497869       32.8319302469862
                 100000     -3.907327934762787    0.02054186182151635      89.15013605688667
                 100000     -4.118582607092809    0.02062285206536008     0.0824553591998891
                 100000     -3.803987621833515    0.02075586407369992      562.5611262287268
                 100000     -4.212341756632597       0.02010648354674   0.005458617050641074
                 100000     -2.507412727660267    0.02145396283641442      19339.91509876207
                 100000     -1.217567097090245    0.02077193892355111      1.193679699159937
                 100000      -1.34992506957525    0.02134637781232186      2.466800177472207
                 100000     -2.392499407655653    0.02217983985798955      10849.97455395985
                 100000     -3.097872510161083    0.02207741355410247      57952.67689280551
                 100000     -3.223724895255434    0.02160272686785764      57109.95625233195
                 100000     -3.338202203016641    0.02073823813940701       43501.3360018692
                 100000      -3.68967059155432     0.0208475211503308      2716.358920179012
                 100000     -1.829362399575103     0.0216921992412882      77.03184236341592
                 100000     0.8924300228210282    0.02077488136644265   1.65566652352703e-05
                 100000     -1.640644737961204    0.02200998899265134      20.12564186633033
                 100000    -0.2525344992459841    0.02112122447646458   0.001450162810658241
                 100000     -2.198176709968354    0.02101024853043616      1659.981934032126
                 100000    -0.4686138633485997    0.02116524227352863    0.02625206358290833
                 100000     -2.292787601529301    0.02062112561167512      4038.591018355593
                 100000     -4.075414264243529    0.02019710469333762     0.6301362910103866
                 100000     -4.287226870515602    0.01879844188976785   0.001934134812087996
                 100000     -1.471673697307609    0.02138707803770105      5.268645173093447
                 100000     -3.991590155261214    0.02043539123734953      10.27840658677008
                 100000     -4.252555837157093    0.01903628865418755   0.002965319921298972
                 100000      1.262606099553288    0.01821933508414083  2.351949837084307e-07
                 100000      1.204293393365285    0.02026807054008247  2.343368467627728e-06
                 100000     0.5381594369863731    0.02168952375989781   2.26056003941146e-05
                 100000    -0.1628990619614713    0.02052625200323641  0.0001576165789713944
                 100000   0.004253254817158591    0.02014657689344523  5.621015627623146e-05
                 100000     -2.827337781713075    0.01998815105111832      44661.07325353278
                 100000      -3.52324545338086    0.02014452698143254       20314.0123493879
                 100000     -4.320046029605453     0.0185313783896717   0.001293617001312203
                 100000     -4.172528654567819    0.01907283224729624    0.01135121766778241
                 100000    -0.6294287940530745    0.01872453369319779    0.06148729354218336
                 100000    -0.7806491897140143     0.0183814803396909      0.131206714512338
                 100000    -0.7067687631285072    0.01870745469087914    0.09244937494469949
                 100000    -0.5542839557422193     0.0182673729553126     0.0377996890003385
                 100000      -1.73563968534629    0.01906479153260739      26.51362434419729
                 100000     -2.926902205961496    0.01893364250753612      39520.13757980781
                 100000   -0.07724196351444156    0.01850051500841976  5.477409602873249e-05
                 100000     -4.386431439793721    0.01832873991666401  0.0004492895591857799
                 100000     -4.419053874762851    0.01888832863502745  0.0001628627735221562
                 100000     -4.354027733761201    0.01853024514857821  0.0007149106740434456
                 100000     -4.452966244892184    0.01879652829337466  5.565386116663934e-05
                 100000     -4.486069555801736    0.01810184588960445  1.849697201045166e-05
                 100000     -4.514153574733725    0.01790221670885521  5.573712866583002e-06
                 100000     -4.546509588430068      0.017952327459487  1.030954452225818e-06
                 100000     -4.579589603249064    0.01891622270465517  1.279848843798504e-07
                 100000     -3.002994102459577    0.01869955980215231      40297.94162499828
                 100000     -1.028741857425329    0.01806543889063728     0.3317046828591515
                 100000      -2.67503389101721    0.01822632643615549      25626.72805561694
                 100000     -1.251030025545601     0.0175628192088332     0.9119004807204134
                 100000     -2.606040889961849     0.0176248303347046      19110.64613174949
                 100000     0.6197603659299621    0.01725655290976829  1.160518580805705e-05
                 100000     -1.382300348496077    0.01746720653167606      1.719350828612276
                 100000      -2.05134056968433    0.01727325014994117      254.9539310649118
                 100000     0.1356824476656451    0.01715252451683046  3.017605700500559e-05
                 100000     0.8582210624939893    0.01713418312289802  7.485108971556627e-06
                 100000     0.7292451135847731    0.01716125981783748   9.16825723089691e-06
                 100000     -3.368247523723277    0.01701054146750615      24613.48694294044
                 100000     -1.919280089608561    0.01731659093607029      81.09926592153793
                 100000     -2.749695542106625    0.01727263012292232      23056.14648918296
                 100000     -3.307180734544514    0.01705104642754441      25130.52482205413
                 100000     -1.986438244456307    0.01697333447111354      137.4214558523149
                 100000     -3.438918989754984    0.01718209553056622      17895.90610675858
                 100000     -1.552785526920661    0.01711172971534934      4.849778774388504
                 100000      -1.32007093085485    0.01675883027931334     0.8870043075810899
                 100000     -3.833733292463898    0.01676853680471412      196.2588633404588
                 100000    -0.8999494995399848    0.01687524353829216     0.1423537103520478
                 100000    -0.3306963545784472    0.01687122206582278   0.002393359836672577
                 100000     -2.536607868927482    0.01664187244690476      9707.668012534792
                 100000     -2.479795951989392    0.01651513512039197      6948.699330263467
                 100000     -3.774473949977971    0.01651524555304046      407.2173940050745
                 100000     -3.192041057313768    0.01673116755765636      25007.61247112707
                 100000     -3.598574086746543     0.0167157247544527       4235.90599565806
                 100000      1.236193453912965    0.01616841298777854  4.813132697981709e-07
                 100000     0.3976419615818947    0.01666461101487664  1.162707961776701e-05
                 100000     -2.114090908217353     0.0162500615799268      304.2842600152766
                 100000      -3.66296743716486    0.01629301154289821      1624.254843139278
                 100000     -0.392561051836318    0.01621473974333573   0.004451533573584939
                 100000     -3.716123609915429    0.01635366100508178      853.4697596682988
                 100000     0.4591726800409281    0.01609381259775469  8.957068641649491e-06
                 100000     0.9658447130225034    0.01576008238960664  9.408463757449494e-06
                 100000     -3.126480109454151    0.01594915642763409      16668.38307972172
                 100000     -4.144736744397923    0.01608782728187404    0.01090504300390756
                 100000     -3.071050288136935    0.01571746997975845      15140.03597503951
                 100000     -2.170973184043646    0.01568356586440196      322.4937819759436
                 100000     -1.858784228539152    0.01565612301326137      22.34171627316534
                 100000       1.08152353222417    0.01599484932145628  6.259974391673045e-06
                 100000    -0.9611948434090708    0.01566197527660998    0.08483649758235992
                 100000     -1.144921794817618    0.01541678672897833     0.1638338387971158
                 100000     -2.419680736912465     0.0154107982514635      1781.942936426988
                 100000     -1.613975809545252     0.0154374217296517      3.078040195613495
                 100000      1.021141880290765    0.01555538894288276  7.818678611986897e-06
                 100000     -2.851014514146881    0.01521153646648956      5972.355662603616
                 100000     -1.447190328843061    0.01496925110496058     0.4670303178155483
                 100000     -2.366125799051072    0.01513217691804773      736.3516273165055
                 100000     -1.092451693368373    0.01503173043064173    0.05621341872290625
                 100000      1.300104888011395    0.01418829168293609  1.913809634044213e-08
                 100000     -4.612916083480075    0.01411348059161956  1.925985137386023e-08
                 100000     -4.232668104546288    0.01388328679953728  1.047074513679267e-05
                 100000     -1.664672298144751    0.01453910457644572      1.167109071644658
                 100000     -2.271299501725081    0.01419796795680238      62.47301275269186
                 100000     -2.316560195359839    0.01436653045160255      94.11260818898656
                 100000     0.2929687859636456    0.01437531030899287  7.267319625512212e-07
                 100000     0.7968451026192134    0.01418018422735252  6.634972510787495e-07
                 100000     0.3419895199769683    0.01372052700364727  1.125104799688655e-07
                 100000     0.9145152403852914    0.01371882433442439  8.324232834208611e-08
                 100000    -0.1413053121475986    0.01369285580214782     3.634600012823e-07
                 100000       1.13909715602068    0.01369267778144343  6.305930717331263e-08
                 100000     -1.755257146701021    0.01367798950766592     0.1932808990152845
                 100000    -0.8422387618446578    0.01367039155384916  0.0004887312779409143
                 100000     -3.501397628420599    0.01367403530367606      30.15718987248068
                 100000      -1.49346287745953    0.01367859528116532    0.01079075280731553
                 100000    -0.4899857724548707    0.01367948716855491  6.791458157303543e-05
