#! FIELDS time d1 d2 d3 d4 d5 d6 d7 d8 d9 d10
 0.000000   1.7190   1.7031   1.4770   1.5021   2.0106   1.7230   1.5602   1.6341   1.6185   1.9501
 0.200000   1.7542   1.6970   1.5168   1.4521   2.0212   1.7312   1.5473   1.6705   1.5897   1.9579
 0.400000   1.7603   1.6694   1.5003   1.3768   1.9649   1.7453   1.5480   1.6886   1.5803   1.9558
 0.600000   1.7597   1.6331   1.5106   1.3295   1.9001   1.7753   1.5760   1.7242   1.5799   1.9679
 0.800000   1.7028   1.5607   1.4822   1.2848   1.8059   1.7626   1.5480   1.7483   1.5925   1.9350
 1.000000   1.6319   1.4790   1.4154   1.2575   1.7590   1.8049   1.5889   1.7725   1.6531   1.9886
 1.200000   1.5846   1.3810   1.3505   1.2443   1.7207   1.8228   1.5859   1.7446   1.6835   2.0267
 1.400000   1.5725   1.3476   1.3237   1.2723   1.6940   1.8621   1.6537   1.7327   1.7615   2.0975
 1.600000   1.5764   1.3403   1.3160   1.2873   1.6911   1.8775   1.6746   1.7180   1.7591   2.1104
 1.800000   1.5907   1.3235   1.3251   1.3132   1.7183   2.0306   1.7653   1.8171   1.8079   2.2004
 2.000000   1.6127   1.3592   1.3951   1.3721   1.7611   2.0960   1.8213   1.8593   1.7817   2.2120
 2.200000   1.6668   1.4109   1.4960   1.4567   1.8466   2.1216   1.8213   1.8843   1.7536   2.2073
 2.400000   1.7438   1.5203   1.5708   1.5288   1.9405   2.1759   1.8725   1.9079   1.7335   2.2017
 2.600000   1.8022   1.6137   1.6211   1.5835   2.0491   2.1587   1.8577   1.9105   1.7213   2.1989
 2.800000   1.7993   1.6834   1.6675   1.6120   2.0927   2.0359   1.7731   1.8551   1.6304   2.0884
 3.000000   1.9025   1.8080   1.7534   1.6562   2.1513   1.9649   1.7173   1.7837   1.5205   1.9598
 3.200000   1.9810   1.8571   1.8319   1.7028   2.2080   1.8790   1.6277   1.7226   1.4542   1.8954
 3.400000   2.1126   1.9687   1.9120   1.7431   2.2662   1.8389   1.5949   1.6400   1.3678   1.8317
 3.600000   2.1848   2.0209   1.9664   1.7826   2.2892   1.7764   1.5444   1.5787   1.3389   1.7858
 3.800000   2.2224   2.0119   1.9668   1.7510   2.2829   1.7817   1.5664   1.5491   1.3502   1.8509
 4.000000   2.2921   2.0515   1.9751   1.7226   2.2682   1.8179   1.6164   1.5323   1.3455   1.8859
 4.200000   2.3431   2.1065   1.9861   1.7024   2.2441   1.8613   1.6902   1.5393   1.3518   1.9036
 4.400000   2.3389   2.0913   1.9676   1.6909   2.2305   1.8992   1.7258   1.5636   1.3953   1.9522
 4.600000   2.3656   2.0583   1.9765   1.7050   2.1758   1.9924   1.7800   1.6304   1.4915   1.9938
 4.800000   2.3857   2.0373   1.9822   1.7310   2.1226   2.0384   1.7929   1.6544   1.5530   1.9887
 5.000000   2.3495   1.9777   1.9665   1.7162   2.0812   2.0503   1.7995   1.6471   1.5394   1.9933
 5.200000   2.2922   1.9019   1.9568   1.6823   2.0180   2.0899   1.8321   1.7107   1.5695   2.0227
 5.400000   2.2519   1.8530   1.9841   1.6642   2.0072   2.1780   1.9172   1.8370   1.6319   2.1237
 5.600000   2.1969   1.7687   1.9657   1.6296   1.9801   2.3050   2.0190   1.9594   1.7156   2.2604
 5.800000   2.1619   1.7289   1.9425   1.6493   1.9677   2.3891   2.0651   2.0459   1.8009   2.2906
 6.000000   2.1912   1.7489   1.9798   1.7007   2.0380   2.4780   2.1053   2.1310   1.8553   2.3414
 6.200000   2.1773   1.7805   1.9573   1.7406   2.0817   2.5126   2.1554   2.1543   1.8774   2.3584
 6.400000   2.2052   1.8331   1.9598   1.7868   2.1278   2.5076   2.1408   2.1317   1.8619   2.3193
 6.600000   2.1886   1.8519   1.9689   1.7966   2.1507   2.4140   2.0564   2.0677   1.7737   2.2306
 6.800000   2.2194   1.9022   2.0003   1.8595   2.1940   2.3707   2.0174   2.0171   1.7357   2.1628
 7.000000   2.2380   1.9590   2.0269   1.9451   2.2200   2.3003   1.9789   1.9688   1.7349   2.0942
 7.200000   2.2979   1.9997   2.0705   1.9631   2.2530   2.2747   1.9434   1.9359   1.6924   2.0689
 7.400000   2.3480   2.1033   2.1296   2.0248   2.3234   2.2070   1.9345   1.8963   1.6752   2.0321
 7.600000   2.3412   2.1830   2.1620   2.0273   2.3851   2.1471   1.9330   1.8824   1.6319   2.0196
 7.800000   2.3000   2.1921   2.1113   1.9596   2.3950   2.0993   1.9251   1.8585   1.5976   2.0263
 8.000000   2.3450   2.2790   2.1487   1.9734   2.4341   2.0873   1.9448   1.8562   1.5868   2.0155
 8.200000   2.3714   2.2772   2.1888   2.0110   2.5000   2.0499   1.8959   1.8227   1.5634   2.0467
 8.400000   2.4044   2.2531   2.1798   1.9981   2.4836   2.1014   1.9364   1.7953   1.5607   2.0963
 8.600000   2.3397   2.1495   2.1288   1.9687   2.4467   2.1189   1.9636   1.7797   1.5850   2.1849
 8.800000   2.2576   2.0676   2.0612   1.9306   2.3895   2.1660   2.0524   1.8152   1.6675   2.3101
 9.000000   2.2386   2.0537   2.0409   1.9561   2.3617   2.1839   2.0980   1.8507   1.7789   2.3496
 9.200000   2.2339   2.0658   2.0132   2.0244   2.3568   2.2486   2.1829   1.8970   1.9078   2.4180
 9.400000   2.2201   2.0830   2.0502   2.0459   2.3639   2.3026   2.2716   1.9873   1.9745   2.4843
 9.600000   2.1779   2.1335   2.0499   2.0492   2.4142   2.2620   2.3178   1.9989   1.9909   2.5308
 9.800000   2.1628   2.1219   2.0460   2.0077   2.4192   2.2873   2.3473   2.0459   2.0282   2.5998
 10.000000   2.1789   2.1260   2.0390   2.0311   2.4475   2.3193   2.3764   2.0467   2.0815   2.6724
 10.200000   2.2041   2.1214   2.0396   2.0344   2.4887   2.3334   2.3597   2.0607   2.1047   2.7101
 10.400000   2.2578   2.1745   2.0737   2.0750   2.5376   2.3607   2.3883   2.0788   2.1312   2.7196
 10.600000   2.2480   2.1823   2.0841   2.0980   2.5645   2.4521   2.4745   2.1771   2.2070   2.8056
 10.800000   2.2175   2.1524   2.0228   2.0558   2.5089   2.5673   2.5740   2.2768   2.3113   2.8803
 11.000000   2.1593   2.1437   1.9696   2.0223   2.4781   2.5903   2.6069   2.3357   2.3719   2.9050
 11.200000   2.1635   2.1496   1.9724   1.9959   2.4543   2.6270   2.6226   2.3953   2.3890   2.8981
 11.400000   2.1667   2.1144   1.9716   1.9796   2.4049   2.6378   2.5827   2.4090   2.3714   2.8434
 11.600000   2.1844   2.0908   1.9671   1.9715   2.3839   2.6706   2.5508   2.4298   2.3811   2.8198
 11.800000   2.1993   2.0825   2.0005   2.0261   2.3905   2.6626   2.4986   2.4525   2.4178   2.7875
 12.000000   2.2185   2.0597   1.9947   2.0415   2.4242   2.6753   2.4566   2.4390   2.4150   2.7929
 12.200000   2.2272   2.0337   2.0100   2.0815   2.4040   2.6688   2.4128   2.4172   2.4047   2.7354
 12.400000   2.2332   2.0244   2.0506   2.0759   2.3832   2.6759   2.3984   2.4443   2.3764   2.6965
 12.600000   2.2055   2.0078   2.1009   2.0642   2.3912   2.6358   2.3671   2.4937   2.3653   2.6906
 12.800000   2.1622   2.0220   2.1330   2.0847   2.3596   2.5885   2.3798   2.5201   2.3824   2.6532
 13.000000   2.1902   2.0753   2.1762   2.1642   2.4087   2.5755   2.3624   2.5272   2.4047   2.6085
 13.200000   2.2748   2.1340   2.2642   2.2297   2.4909   2.5552   2.2948   2.5269   2.3750   2.5722
 13.400000   2.3830   2.2064   2.3105   2.2816   2.5739   2.5177   2.2092   2.4529   2.3172   2.5082
 13.600000   2.4408   2.2420   2.3527   2.3029   2.5778   2.4857   2.1540   2.4363   2.2890   2.4417
 13.800000   2.5194   2.2641   2.3948   2.2909   2.6138   2.4585   2.0745   2.4070   2.2347   2.4099
 14.000000   2.5860   2.2604   2.4112   2.3222   2.6302   2.4543   2.0252   2.3892   2.2578   2.3991
 14.200000   2.5925   2.2428   2.4238   2.3075   2.6122   2.3905   1.9657   2.3371   2.2174   2.3649
 14.400000   2.5986   2.2101   2.3967   2.2859   2.5807   2.3642   1.9178   2.2857   2.1949   2.3248
 14.600000   2.6319   2.1770   2.3857   2.3029   2.5432   2.3605   1.8539   2.2395   2.1763   2.2537
 14.800000   2.5940   2.1263   2.3709   2.2588   2.5062   2.2922   1.7739   2.1783   2.0776   2.1801
 15.000000   2.5516   2.0517   2.3145   2.2412   2.4134   2.2017   1.6585   2.0660   2.0077   2.0391
 15.200000   2.4929   2.0054   2.2804   2.2169   2.3179   2.0874   1.5560   1.9529   1.9160   1.8857
 15.400000   2.4353   1.9467   2.2487   2.2209   2.2331   2.0305   1.5012   1.8985   1.8800   1.7942
 15.600000   2.3604   1.8650   2.2107   2.1739   2.1850   1.9479   1.4100   1.8350   1.7949   1.7239
 15.800000   2.3325   1.8283   2.1960   2.2258   2.1955   1.9203   1.3713   1.8033   1.8101   1.7172
 16.000000   2.3012   1.8089   2.1923   2.2343   2.2136   1.9210   1.3774   1.8196   1.8176   1.7429
 16.200000   2.2331   1.7873   2.1843   2.2035   2.2176   1.9298   1.4045   1.8974   1.8556   1.7876
 16.400000   2.2098   1.7793   2.1801   2.1557   2.2226   1.9182   1.3917   1.9379   1.8508   1.8013
 16.600000   2.2227   1.8184   2.2051   2.1407   2.2560   1.9682   1.4634   2.0344   1.9185   1.8785
 16.800000   2.2362   1.8112   2.2150   2.1065   2.2460   2.0256   1.4982   2.0995   1.9336   1.8879
 17.000000   2.2374   1.8070   2.2417   2.0961   2.2222   2.1140   1.5745   2.2048   1.9931   1.9306
 17.200000   2.2594   1.7989   2.2785   2.0920   2.2172   2.1784   1.6180   2.2854   2.0464   1.9828
 17.400000   2.2854   1.7931   2.2694   2.1009   2.2163   2.2302   1.6440   2.3225   2.1000   2.0060
 17.600000   2.3030   1.7864   2.3116   2.1081   2.1900   2.2774   1.6788   2.3853   2.1316   2.0209
 17.800000   2.2712   1.7235   2.2840   2.0888   2.1489   2.2603   1.6328   2.3800   2.1356   1.9938
 18.000000   2.1757   1.6534   2.2147   2.0608   2.0498   2.2473   1.6563   2.4020   2.2083   1.9907
 18.200000   2.0945   1.5368   2.1514   2.0325   1.9476   2.2544   1.6295   2.4279   2.2787   1.9971
 18.400000   2.0096   1.4493   2.0920   2.0043   1.8510   2.3221   1.7073   2.4997   2.3755   2.0684
 18.600000   1.9361   1.3652   2.0846   2.0615   1.7719   2.3486   1.7375   2.5405   2.4671   2.0820
 18.800000   1.8931   1.3187   2.0520   2.0686   1.7004   2.3421   1.7437   2.5095   2.4814   2.0657
 19.000000   1.8010   1.2371   2.0242   2.0605   1.5639   2.2933   1.7178   2.5089   2.5067   1.9843
 19.200000   1.7960   1.2043   2.0608   2.0186   1.5076   2.2580   1.6837   2.5180   2.4713   1.9692
 19.400000   1.7777   1.1549   2.0842   2.0460   1.4617   2.1999   1.6117   2.4961   2.4675   1.9241
 19.600000   1.7295   1.1359   2.0489   2.0593   1.4713   2.1373   1.5936   2.4465   2.4753   1.9479
 19.800000   1.7273   1.1227   2.0301   2.1011   1.4453   2.0836   1.5296   2.3625   2.4499   1.8814
 20.000000   1.6816   1.1236   2.0204   2.0704   1.4332   2.0209   1.5051   2.3169   2.3837   1.8452
 20.200000   1.5957   1.0317   1.9898   2.0459   1.4095   1.9806   1.4443   2.3136   2.3687   1.8205
 20.400000   1.5357   1.0413   1.9006   2.0622   1.4046   1.9628   1.4546   2.2487   2.3652   1.7738
 20.600000   1.5185   1.0404   1.9101   2.0766   1.4533   1.9139   1.3678   2.2047   2.2840   1.6873
 20.800000   1.5152   1.0594   1.9644   2.1401   1.5640   1.8779   1.3079   2.2049   2.2587   1.6750
 21.000000   1.5398   1.1117   2.0072   2.2411   1.6411   1.8457   1.2781   2.1825   2.2888   1.6701
 21.200000   1.6134   1.1880   2.1039   2.3527   1.7271   1.8295   1.2692   2.2080   2.3426   1.7042
 21.400000   1.7124   1.3397   2.2690   2.4494   1.9037   1.8290   1.2963   2.2695   2.3222   1.7592
 21.600000   1.7925   1.4542   2.3637   2.5237   2.0364   1.8139   1.3070   2.2833   2.3152   1.8030
 21.800000   1.8862   1.5760   2.4976   2.5688   2.1521   1.7744   1.3177   2.3292   2.2994   1.8351
 22.000000   1.9410   1.7047   2.5325   2.5936   2.2718   1.6861   1.3159   2.2344   2.2177   1.8429
 22.200000   1.9670   1.7936   2.5495   2.6157   2.3505   1.6188   1.3476   2.1902   2.2156   1.8762
 22.400000   2.0061   1.7993   2.5476   2.6097   2.4058   1.5957   1.3406   2.1472   2.1967   1.9407
 22.600000   2.0463   1.8379   2.5969   2.6754   2.4245   1.5809   1.3649   2.1522   2.2448   1.9597
 22.800000   2.1029   1.8564   2.6350   2.7437   2.4651   1.5850   1.3699   2.1377   2.2786   2.0029
 23.000000   2.0936   1.8479   2.6319   2.8008   2.4336   1.6241   1.4306   2.1788   2.3909   2.0417
 23.200000   2.0972   1.8039   2.6129   2.8463   2.4214   1.6313   1.3937   2.1631   2.4382   2.0339
 23.400000   2.1096   1.8300   2.6512   2.8614   2.4211   1.6487   1.4423   2.2087   2.4709   2.0594
 23.600000   2.1313   1.8374   2.6687   2.8480   2.4092   1.6808   1.4813   2.2380   2.4808   2.1016
 23.800000   2.1777   1.8501   2.7381   2.8737   2.4185   1.7798   1.5574   2.3418   2.5466   2.1795
 24.000000   2.1826   1.8692   2.7425   2.9175   2.4274   1.8369   1.6316   2.3769   2.6192   2.2439
 24.200000   2.1507   1.8776   2.7444   2.9681   2.4058   1.8970   1.7334   2.4550   2.7464   2.3117
 24.400000   2.1137   1.8381   2.7116   2.9708   2.3170   1.9980   1.8372   2.5640   2.8899   2.3747
 24.600000   2.0380   1.7406   2.6092   2.9141   2.2456   2.0900   1.9153   2.6363   3.0100   2.4634
 24.800000   1.9811   1.6891   2.5404   2.8265   2.2257   2.1450   1.9626   2.6839   3.0482   2.5420
 25.000000   1.9631   1.6712   2.5019   2.7796   2.2144   2.2042   2.0149   2.7246   3.0684   2.5943
 25.200000   1.9481   1.7046   2.5142   2.7827   2.2649   2.1964   2.0660   2.7449   3.0763   2.6611
 25.400000   1.9720   1.7601   2.5394   2.8319   2.3183   2.2036   2.1023   2.7439   3.0892   2.6821
 25.600000   2.0027   1.8345   2.5752   2.8526   2.3826   2.2594   2.1741   2.7770   3.0873   2.7282
 25.800000   2.0027   1.8501   2.5942   2.8049   2.4207   2.2610   2.1485   2.7687   2.9889   2.7157
 26.000000   2.0095   1.8233   2.5964   2.7676   2.4061   2.2915   2.1231   2.7798   2.9385   2.6926
 26.200000   2.0406   1.8159   2.5877   2.7428   2.4066   2.2448   2.0155   2.6929   2.8151   2.5787
 26.400000   2.0704   1.9000   2.6425   2.7779   2.4776   2.2070   2.0161   2.6521   2.7437   2.5536
 26.600000   2.0943   1.9068   2.6626   2.8423   2.5052   2.1835   1.9661   2.6207   2.7487   2.5249
 26.800000   2.1251   1.9171   2.6673   2.8969   2.5257   2.1774   1.9264   2.5997   2.7713   2.4905
 27.000000   2.1485   1.9841   2.6804   2.9673   2.5989   2.2291   1.9922   2.6353   2.8403   2.5518
 27.200000   2.1728   2.0459   2.7074   3.0134   2.6538   2.2256   1.9953   2.6377   2.8554   2.5440
 27.400000   2.2001   2.0520   2.6911   2.9787   2.6809   2.2488   1.9880   2.6443   2.8397   2.5580
 27.600000   2.2366   2.0692   2.7032   2.9841   2.6888   2.3208   2.0283   2.7043   2.8878   2.5898
 27.800000   2.3198   2.1626   2.7832   3.0277   2.7408   2.3220   2.0309   2.7215   2.8662   2.5434
 28.000000   2.3957   2.2210   2.8820   3.0629   2.7948   2.3596   2.0475   2.7949   2.8793   2.5550
 28.200000   2.5350   2.2904   2.9639   3.1297   2.8399   2.4149   2.0544   2.8191   2.8982   2.5409
 28.400000   2.5604   2.2788   3.0099   3.1572   2.8354   2.4620   2.0638   2.8961   2.9569   2.5689
 28.600000   2.5753   2.3044   2.9995   3.1197   2.8491   2.5158   2.1332   2.9308   2.9704   2.6290
 28.800000   2.5934   2.2901   2.9797   3.0915   2.8772   2.5389   2.1262   2.9372   2.9875   2.6709
 29.000000   2.6341   2.3319   2.9656   3.0556   2.8683   2.5331   2.1391   2.8979   2.9614   2.6584
 29.200000   2.6483   2.3320   2.9666   3.0530   2.8876   2.5115   2.1267   2.8782   2.9598   2.6712
 29.400000   2.6544   2.3584   2.9830   3.0417   2.8725   2.5515   2.2032   2.9484   3.0072   2.7118
 29.600000   2.6651   2.3248   2.9991   3.0128   2.8789   2.5696   2.1858   2.9841   3.0064   2.7370
 29.800000   2.7140   2.3231   3.0501   3.0139   2.8636   2.6154   2.2087   3.0550   3.0461   2.7549
 30.000000   2.7643   2.3543   3.1213   3.0444   2.9250   2.6467   2.2411   3.1055   3.0753   2.8304
 30.200000   2.7910   2.4350   3.1902   3.1027   2.9649   2.7010   2.3719   3.1969   3.1703   2.9321
 30.400000   2.8506   2.4619   3.2228   3.1447   3.0102   2.7867   2.4562   3.2573   3.2609   3.0477
 30.600000   2.9000   2.5153   3.2555   3.1760   3.0401   2.8639   2.5654   3.3153   3.3250   3.1456
 30.800000   2.9226   2.5112   3.2996   3.1630   3.0146   2.9416   2.6244   3.3939   3.3532   3.1921
 31.000000   2.8879   2.4950   3.2742   3.1078   2.9557   3.0137   2.7126   3.4539   3.3622   3.2322
 31.200000   2.8786   2.4640   3.3138   3.1286   2.9347   3.1069   2.7734   3.5686   3.4406   3.2910
 31.400000   2.8420   2.4354   3.3053   3.1755   2.8863   3.1790   2.8403   3.6463   3.5535   3.3227
 31.600000   2.8371   2.4304   3.2662   3.2643   2.9006   3.2561   2.8788   3.6493   3.6388   3.3395
 31.800000   2.8934   2.5089   3.3233   3.4103   3.0071   3.2436   2.8502   3.6064   3.6570   3.3101
 32.000000   2.9778   2.6387   3.4276   3.5376   3.1321   3.1984   2.8157   3.5645   3.6085   3.2464
 32.200000   3.0912   2.7444   3.5193   3.6584   3.2518   3.1749   2.7642   3.5145   3.5773   3.2031
 32.400000   3.1886   2.8672   3.6021   3.7341   3.3739   3.1045   2.7140   3.4479   3.5068   3.1636
 32.600000   3.3170   3.0261   3.7248   3.8426   3.5422   3.1111   2.7518   3.4736   3.5317   3.2222
 32.800000   3.4141   3.1278   3.8345   3.9373   3.6813   3.1499   2.7817   3.5364   3.5741   3.2963
 33.000000   3.4292   3.1729   3.8758   3.9668   3.7394   3.2133   2.8796   3.6392   3.6706   3.4169
 33.200000   3.3900   3.1951   3.8819   4.0168   3.7872   3.1753   2.9004   3.6440   3.7176   3.4575
 33.400000   3.3340   3.1997   3.8574   4.0115   3.7914   3.0790   2.8671   3.5727   3.6663   3.4231
 33.600000   3.2954   3.1377   3.8251   4.0098   3.7272   3.0310   2.8022   3.5403   3.6727   3.3690
 33.800000   3.2109   3.0760   3.7596   3.9841   3.6697   2.9862   2.7729   3.5225   3.6879   3.3453
 34.000000   3.1279   3.0330   3.7250   3.9469   3.6353   2.9784   2.7921   3.5645   3.7189   3.3641
 34.200000   3.0778   2.9547   3.6716   3.8826   3.5588   3.0521   2.8362   3.6281   3.7701   3.4048
 34.400000   3.0423   2.9783   3.6876   3.8925   3.5966   3.0714   2.9130   3.6910   3.8145   3.4852
 34.600000   3.0721   3.0213   3.6905   3.8971   3.6491   3.1296   2.9971   3.6945   3.8329   3.5874
 34.800000   3.1386   3.0907   3.7383   3.9690   3.7072   3.1442   3.0485   3.6743   3.8509   3.6325
 35.000000   3.2429   3.1835   3.8265   4.0438   3.8081   3.1247   3.0606   3.6375   3.8261   3.6728
 35.200000   3.3172   3.2189   3.8596   4.0960   3.8574   3.1037   3.0542   3.5953   3.8433   3.6948
 35.400000   3.3970   3.2611   3.9074   4.1673   3.8812   3.1318   3.0671   3.6183   3.9137   3.6934
 35.600000   3.4254   3.2666   3.9256   4.2199   3.8835   3.1121   3.0353   3.6106   3.9540   3.6582
 35.800000   3.4072   3.2289   3.9193   4.2050   3.8608   3.0635   2.9657   3.5879   3.9255   3.6073
 36.000000   3.3981   3.2147   3.9364   4.1918   3.8250   3.0463   2.9367   3.5980   3.9068   3.5465
 36.200000   3.3309   3.1584   3.9087   4.1736   3.8083   2.9956   2.9020   3.6031   3.9201   3.5522
 36.400000   3.2841   3.1555   3.8898   4.1284   3.7767   2.9260   2.8686   3.5681   3.8580   3.4973
 36.600000   3.2150   3.0935   3.8680   4.0365   3.6990   2.8656   2.8154   3.5521   3.7735   3.4394
 36.800000   3.1632   2.9943   3.7720   3.9500   3.5906   2.8136   2.7300   3.4528   3.6900   3.3517
 37.000000   3.1127   2.8916   3.7063   3.8884   3.4799   2.8457   2.7261   3.4633   3.7119   3.3362
 37.200000   3.0865   2.8733   3.7503   3.8659   3.4469   2.9066   2.8007   3.5945   3.7871   3.4119
 37.400000   3.0637   2.8480   3.7697   3.8146   3.4031   2.9582   2.8544   3.6882   3.8081   3.4595
 37.600000   3.0510   2.8376   3.7417   3.8028   3.3209   3.0017   2.8927   3.7185   3.8482   3.4344
 37.800000   3.0718   2.8352   3.7669   3.8356   3.2546   3.0235   2.8894   3.7474   3.8843   3.3812
 38.000000   3.0682   2.7756   3.7635   3.8067   3.1967   3.1070   2.9134   3.8328   3.9439   3.4009
 38.200000   3.1074   2.7676   3.8125   3.8402   3.2062   3.1590   2.9093   3.8919   3.9871   3.4109
 38.400000   3.1274   2.7755   3.8497   3.9073   3.2264   3.1770   2.9206   3.9320   4.0599   3.4313
 38.600000   3.1834   2.8583   3.8871   3.9673   3.3027   3.2065   2.9797   3.9477   4.1011   3.4769
 38.800000   3.1759   2.8480   3.8691   4.0007   3.3225   3.2012   2.9785   3.9314   4.1341   3.5014
 39.000000   3.1497   2.8784   3.8811   4.0072   3.3351   3.2031   3.0292   3.9658   4.1606   3.5180
 39.200000   3.1242   2.8536   3.8456   3.9962   3.3352   3.2106   3.0419   3.9677   4.1832   3.5506
 39.400000   3.0690   2.8584   3.8242   3.9776   3.3240   3.2488   3.1284   4.0328   4.2473   3.6150
 39.600000   3.0356   2.8433   3.7887   3.9720   3.3145   3.2898   3.1743   4.0696   4.3007   3.6554
 39.800000   2.9642   2.7642   3.7192   3.9171   3.2441   3.3210   3.1678   4.0962   4.3215   3.6442
 40.000000   2.8891   2.7241   3.6754   3.8457   3.1964   3.3330   3.1793   4.1275   4.3060   3.6309
 40.200000   2.8911   2.7105   3.6467   3.8408   3.1981   3.3499   3.1453   4.1050   4.2845   3.5974
 40.400000   2.8912   2.7212   3.6672   3.8640   3.2354   3.3408   3.1265   4.1096   4.2744   3.6030
 40.600000   2.8756   2.6815   3.6283   3.8596   3.1819   3.3205   3.0843   4.0631   4.2619   3.5616
 40.800000   2.8902   2.6876   3.6454   3.8325   3.1895   3.3027   3.0647   4.0483   4.2077   3.5590
 41.000000   2.9481   2.8051   3.7408   3.9246   3.2776   3.2822   3.0983   4.0613   4.2183   3.5784
 41.200000   3.0988   2.9919   3.8722   4.1078   3.3973   3.2941   3.1241   4.0452   4.2505   3.5492
 41.400000   3.2862   3.1822   4.0714   4.3002   3.6082   3.2618   3.0911   4.0263   4.2285   3.5414
 41.600000   3.4490   3.3159   4.2080   4.4501   3.7369   3.2731   3.0728   4.0103   4.2252   3.5114
 41.800000   3.5363   3.4088   4.3245   4.5359   3.8182   3.2617   3.0590   4.0256   4.2001   3.4672
 42.000000   3.6126   3.4362   4.3821   4.5991   3.8450   3.3596   3.1064   4.1035   4.2769   3.4944
 42.200000   3.6353   3.4403   4.4111   4.6102   3.8774   3.4419   3.1705   4.1855   4.3346   3.5666
 42.400000   3.6979   3.4765   4.4612   4.6630   3.9182   3.4714   3.1744   4.2009   4.3514   3.5759
 42.600000   3.7295   3.5085   4.4922   4.6765   3.9266   3.4790   3.1865   4.2080   4.3447   3.5692
 42.800000   3.6888   3.4486   4.4349   4.5880   3.8129   3.4674   3.1603   4.1865   4.2964   3.4976
 43.000000   3.6788   3.4453   4.4208   4.5591   3.8113   3.4251   3.1196   4.1426   4.2388   3.4669
 43.200000   3.7099   3.4264   4.4132   4.5173   3.7923   3.4110   3.0713   4.1014   4.1732   3.4341
 43.400000   3.7150   3.4256   4.4235   4.5087   3.7358   3.3809   3.0486   4.0832   4.1470   3.3726
 43.600000   3.7422   3.4539   4.4561   4.5184   3.7626   3.3448   3.0343   4.0624   4.1195   3.3715
 43.800000   3.7660   3.4291   4.4632   4.5479   3.7378   3.3384   2.9943   4.0462   4.1363   3.3408
 44.000000   3.7685   3.4195   4.4555   4.5467   3.6951   3.3446   2.9946   4.0465   4.1490   3.3120
 44.200000   3.7887   3.4734   4.4704   4.5767   3.7071   3.4015   3.0781   4.0974   4.2126   3.3545
 44.400000   3.8008   3.4880   4.5002   4.5910   3.7281   3.4230   3.0943   4.1322   4.2303   3.3759
 44.600000   3.8452   3.5472   4.5323   4.6291   3.7419   3.4855   3.1516   4.1712   4.2579   3.3700
 44.800000   3.8563   3.5929   4.5711   4.6363   3.7462   3.5792   3.2563   4.2793   4.3171   3.4122
 45.000000   3.8118   3.5820   4.4862   4.5822   3.7043   3.6963   3.3905   4.3469   4.4032   3.5035
 45.200000   3.7151   3.4623   4.3788   4.4769   3.6136   3.8223   3.4928   4.4626   4.5177   3.6297
 45.400000   3.6444   3.3953   4.2592   4.3465   3.5002   3.8856   3.5694   4.4852   4.5358   3.6705
 45.600000   3.5425   3.2787   4.1166   4.2027   3.3399   3.9138   3.6054   4.4859   4.5528   3.6825
 45.800000   3.4926   3.1693   3.9961   4.0819   3.2488   3.8916   3.5631   4.4146   4.5081   3.6813
 46.000000   3.4673   3.1290   3.9584   4.0445   3.2309   3.7688   3.4624   4.2972   4.4156   3.6088
 46.200000   3.5258   3.1461   4.0007   4.0661   3.2331   3.7663   3.4427   4.2990   4.4224   3.5945
 46.400000   3.5671   3.1894   4.0753   4.0855   3.2362   3.6881   3.3777   4.2560   4.3341   3.4857
 46.600000   3.6057   3.2545   4.1370   4.0903   3.2668   3.5974   3.3201   4.1856   4.2018   3.3798
 46.800000   3.6689   3.3269   4.2547   4.1785   3.3113   3.5432   3.2910   4.1854   4.1791   3.3057
 47.000000   3.7479   3.4022   4.3103   4.2571   3.4308   3.5124   3.2440   4.1129   4.1157   3.2790
 47.200000   3.7879   3.4597   4.3878   4.3458   3.5028   3.4952   3.2230   4.1154   4.1098   3.2545
 47.400000   3.8458   3.4993   4.4338   4.3620   3.5652   3.4669   3.1726   4.0719   4.0313   3.2248
 47.600000   3.8619   3.5131   4.4660   4.4078   3.5784   3.4252   3.1107   4.0375   3.9982   3.1611
 47.800000   3.8538   3.4930   4.4880   4.4264   3.5945   3.4143   3.0767   4.0535   4.0075   3.1703
 48.000000   3.8504   3.4927   4.4855   4.4772   3.5740   3.3909   3.0458   4.0277   4.0297   3.1242
 48.200000   3.8593   3.4843   4.4906   4.4849   3.5998   3.3787   3.0002   4.0054   4.0048   3.1216
 48.400000   3.8885   3.4976   4.5329   4.5018   3.6810   3.4267   3.0134   4.0558   4.0182   3.2061
 48.600000   3.9013   3.4779   4.5396   4.4983   3.6994   3.5273   3.0645   4.1402   4.0821   3.3035
 48.800000   3.9198   3.4861   4.5536   4.4756   3.6966   3.5648   3.0922   4.1729   4.0765   3.3172
 49.000000   3.9512   3.5297   4.5640   4.5065   3.6772   3.6116   3.1407   4.1894   4.0997   3.2872
 49.200000   3.9751   3.5810   4.5898   4.5019   3.6992   3.6705   3.2192   4.2431   4.1119   3.3140
 49.400000   4.0014   3.6103   4.6360   4.5505   3.7222   3.7635   3.3143   4.3509   4.2156   3.3849
 49.600000   4.0340   3.6336   4.6427   4.5958   3.7295   3.8775   3.4211   4.4345   4.3314   3.4600
 49.800000   4.0339   3.6275   4.6347   4.6326   3.8084   3.9755   3.5201   4.5235   4.4598   3.6331
 50.000000   4.1040   3.7004   4.6828   4.6801   3.8694   4.0805   3.6375   4.6130   4.5533   3.7445
 50.200000   4.1275   3.7177   4.6888   4.6651   3.8361   4.1355   3.6831   4.6429   4.5626   3.7300
 50.400000   4.1461   3.7181   4.6937   4.6477   3.7811   4.1991   3.7309   4.6958   4.5887   3.7213
 50.600000   4.1649   3.6979   4.7144   4.6295   3.8130   4.3035   3.8008   4.8024   4.6649   3.8420
 50.800000   4.1397   3.6587   4.6963   4.5657   3.7510   4.3850   3.8631   4.8888   4.7053   3.8914
 51.000000   4.1392   3.5999   4.7111   4.5366   3.6948   4.4090   3.8248   4.9318   4.6984   3.8599
 51.200000   4.2253   3.6643   4.7984   4.6311   3.7513   4.3911   3.7883   4.9199   4.7016   3.8244
 51.400000   4.3205   3.7738   4.9235   4.7503   3.8429   4.3872   3.8022   4.9512   4.7339   3.8396
 51.600000   4.3826   3.8550   4.9640   4.8417   3.9535   4.3661   3.8027   4.9065   4.7431   3.8743
 51.800000   4.4062   3.8803   4.9780   4.8830   4.0427   4.3855   3.8253   4.9143   4.7875   3.9623
 52.000000   4.4514   3.9453   4.9931   4.9448   4.1029   4.4206   3.8808   4.9188   4.8411   4.0122
 52.200000   4.4896   3.9785   4.9875   4.9621   4.1224   4.4149   3.8754   4.8747   4.8320   4.0098
 52.400000   4.5460   4.0086   5.0075   4.9771   4.1918   4.4768   3.9191   4.9102   4.8766   4.1118
 52.600000   4.5359   4.0191   4.9867   4.9637   4.1360   4.5452   4.0145   4.9760   4.9553   4.1497
 52.800000   4.5184   3.9890   4.9859   4.9130   4.1110   4.5517   4.0163   5.0065   4.9373   4.1626
 53.000000   4.4586   3.9207   4.9613   4.8901   4.0640   4.5452   4.0071   5.0383   4.9748   4.1758
 53.200000   4.4102   3.8789   4.9249   4.8762   3.9822   4.5355   4.0124   5.0460   5.0142   4.1462
 53.400000   4.3320   3.7815   4.8562   4.7741   3.8925   4.5371   3.9981   5.0600   4.9971   4.1457
 53.600000   4.2756   3.7258   4.8049   4.7149   3.8616   4.5472   4.0066   5.0698   4.9959   4.1793
 53.800000   4.2180   3.6807   4.7155   4.6606   3.8731   4.5211   3.9887   5.0065   4.9578   4.2080
 54.000000   4.1369   3.6352   4.6233   4.5864   3.8252   4.5246   4.0267   4.9995   4.9654   4.2438
 54.200000   4.0917   3.5747   4.5706   4.4762   3.8399   4.5157   4.0000   4.9821   4.8847   4.2795
 54.400000   4.0450   3.5186   4.4732   4.4175   3.7876   4.5115   3.9898   4.9362   4.8790   4.2690
 54.600000   4.0189   3.5009   4.4712   4.3766   3.8128   4.4661   3.9586   4.9241   4.8339   4.2759
 54.800000   4.0127   3.5303   4.5108   4.3483   3.8350   4.4678   4.0058   4.9817   4.8329   4.3204
 55.000000   4.0122   3.5296   4.5350   4.3622   3.8622   4.4387   3.9845   4.9821   4.8298   4.3316
 55.200000   4.0032   3.5015   4.5379   4.3717   3.8686   4.4117   3.9340   4.9591   4.8113   4.3195
 55.400000   4.0255   3.5349   4.5692   4.4368   3.9247   4.4285   3.9638   4.9814   4.8699   4.3789
 55.600000   4.0461   3.5242   4.5774   4.4989   3.9209   4.4816   3.9818   5.0214   4.9618   4.4007
 55.800000   4.0516   3.5460   4.5772   4.5464   3.9183   4.4489   3.9644   4.9835   4.9718   4.3556
 56.000000   4.0156   3.5375   4.4870   4.5270   3.8830   4.4524   3.9986   4.9382   4.9972   4.3626
 56.200000   4.0145   3.5735   4.4821   4.5598   3.8707   4.4268   4.0166   4.9162   5.0185   4.3335
 56.400000   4.0182   3.5801   4.5042   4.5716   3.9159   4.3790   3.9777   4.8897   4.9876   4.3416
 56.600000   4.0227   3.5523   4.5208   4.5733   3.9435   4.3527   3.9293   4.8819   4.9744   4.3561
 56.800000   4.0225   3.5490   4.5314   4.5888   3.9304   4.3062   3.8850   4.8502   4.9559   4.3065
 57.000000   4.0196   3.5344   4.5015   4.5645   3.9231   4.2784   3.8425   4.8022   4.9081   4.2706
 57.200000   4.0116   3.5243   4.4982   4.5220   3.8851   4.2304   3.7907   4.7603   4.8276   4.1898
 57.400000   4.0010   3.5486   4.4738   4.5151   3.9061   4.1329   3.7401   4.6634   4.7617   4.1425
 57.600000   4.0769   3.6182   4.4735   4.5747   4.0113   4.0353   3.6431   4.4949   4.6588   4.0863
 57.800000   4.1268   3.6605   4.4828   4.5985   4.1084   3.9451   3.5404   4.3554   4.5282   4.0292
 58.000000   4.1750   3.7814   4.5104   4.6456   4.1988   3.8881   3.5518   4.2688   4.4594   4.0039
 58.200000   4.2416   3.8713   4.5707   4.6593   4.2984   3.8537   3.5375   4.2238   4.3643   4.0000
 58.400000   4.3273   3.9853   4.6180   4.7112   4.3754   3.8762   3.5589   4.1947   4.3157   3.9634
 58.600000   4.3643   4.0409   4.6990   4.7771   4.4471   3.9206   3.5911   4.2649   4.3450   3.9933
 58.800000   4.4109   4.0338   4.7359   4.8084   4.4961   4.0138   3.6017   4.3334   4.3798   4.0383
 59.000000   4.4059   4.0422   4.7242   4.8166   4.4899   4.0932   3.6848   4.3970   4.4485   4.0977
 59.200000   4.3756   3.9642   4.6971   4.7795   4.4288   4.1769   3.7159   4.4858   4.5209   4.1352
 59.400000   4.3256   3.9279   4.6650   4.7196   4.3993   4.1907   3.7390   4.5225   4.5287   4.1566
 59.600000   4.3169   3.8958   4.6693   4.7039   4.3569   4.2409   3.7674   4.5910   4.5790   4.1734
 59.800000   4.3380   3.8931   4.6908   4.7043   4.3677   4.2676   3.7774   4.6261   4.5969   4.2002
 60.000000   4.2917   3.8555   4.6457   4.6493   4.3105   4.2346   3.7493   4.5962   4.5533   4.1526
 60.200000   4.2685   3.8030   4.5918   4.6143   4.2663   4.2119   3.7030   4.5573   4.5451   4.1212
 60.400000   4.2908   3.8068   4.5971   4.6034   4.2598   4.2385   3.7309   4.5842   4.5757   4.1535
 60.600000   4.3009   3.7954   4.6267   4.5984   4.2113   4.1976   3.6802   4.5757   4.5491   4.0748
 60.800000   4.3250   3.8276   4.6331   4.6414   4.1647   4.1786   3.6743   4.5390   4.5576   3.9987
 61.000000   4.3668   3.8412   4.6895   4.7133   4.1694   4.1177   3.5895   4.4911   4.5297   3.9190
 61.200000   4.3690   3.8321   4.7071   4.7103   4.1677   4.0779   3.5448   4.4703   4.4885   3.8830
 61.400000   4.3788   3.8182   4.7248   4.6852   4.1494   4.1196   3.5755   4.5291   4.5115   3.9170
 61.600000   4.4149   3.8430   4.7000   4.6564   4.1159   4.1913   3.6480   4.5457   4.5402   3.9500
 61.800000   4.4087   3.8332   4.6626   4.6349   4.0375   4.2553   3.7238   4.5853   4.6123   3.9633
 62.000000   4.3877   3.7821   4.6346   4.5871   3.9918   4.3490   3.7914   4.6628   4.6749   4.0497
 62.200000   4.3097   3.7164   4.5584   4.5003   3.8989   4.3848   3.8370   4.6849   4.6864   4.0794
 62.400000   4.2785   3.6605   4.5710   4.4956   3.7937   4.3702   3.7978   4.6988   4.6891   4.0071
 62.600000   4.2668   3.6668   4.5836   4.4821   3.7614   4.3112   3.7572   4.6631   4.6218   3.9312
 62.800000   4.2387   3.6529   4.6096   4.5027   3.7816   4.2531   3.7082   4.6453   4.5939   3.9140
 63.000000   4.2026   3.5901   4.6199   4.4957   3.8112   4.2397   3.6608   4.6664   4.5902   3.9567
 63.200000   4.1283   3.5469   4.5538   4.4324   3.7960   4.2270   3.6779   4.6585   4.5778   3.9966
 63.400000   4.0688   3.5345   4.5269   4.3859   3.7896   4.1849   3.6793   4.6429   4.5357   3.9994
 63.600000   4.0912   3.5504   4.5220   4.4319   3.8311   4.1428   3.6331   4.5748   4.5142   3.9751
 63.800000   4.0775   3.5062   4.5469   4.4287   3.7988   4.1479   3.6070   4.6205   4.5362   3.9672
 64.000000   4.0498   3.4798   4.5506   4.3631   3.7740   4.1376   3.5981   4.6459   4.4875   3.9559
 64.200000   4.0004   3.4641   4.5105   4.3089   3.7650   4.1647   3.6660   4.6882   4.5169   4.0283
 64.400000   3.9582   3.3984   4.4961   4.2468   3.7421   4.1983   3.6809   4.7560   4.5394   4.0808
 64.600000   3.9730   3.4424   4.4717   4.2526   3.7592   4.2440   3.7578   4.7745   4.5841   4.1226
 64.800000   3.9578   3.4714   4.4912   4.2454   3.8067   4.3273   3.8790   4.8902   4.6648   4.2457
 65.000000   3.9771   3.4987   4.5405   4.3322   3.8696   4.3881   3.9369   4.9704   4.7738   4.3289
 65.200000   3.9972   3.5009   4.5716   4.4404   3.9098   4.4318   3.9528   5.0159   4.8906   4.3733
 65.400000   4.0278   3.5335   4.6361   4.4889   3.9590   4.4895   4.0092   5.1031   4.9612   4.4428
 65.600000   4.0584   3.5345   4.6468   4.5251   4.0083   4.5276   4.0104   5.1184   4.9966   4.4848
 65.800000   4.0981   3.6140   4.6788   4.5663   4.0505   4.5679   4.0820   5.1468   5.0269   4.5114
 66.000000   4.1164   3.6366   4.7062   4.5902   4.0463   4.6098   4.1202   5.1973   5.0679   4.5147
 66.200000   4.2069   3.7399   4.7789   4.6707   4.1371   4.6306   4.1404   5.2028   5.0750   4.5068
 66.400000   4.3226   3.8503   4.8637   4.7137   4.2268   4.6131   4.1040   5.1578   4.9901   4.4489
 66.600000   4.3916   3.9542   4.8878   4.7284   4.2454   4.5949   4.1206   5.1056   4.9282   4.3698
 66.800000   4.4845   4.0246   4.9423   4.7751   4.3185   4.5116   4.0186   4.9983   4.8214   4.2827
 67.000000   4.5850   4.1243   4.9748   4.8680   4.3615   4.4074   3.9203   4.8261   4.7124   4.1316
 67.200000   4.6071   4.1025   4.9709   4.8953   4.3606   4.2672   3.7480   4.6631   4.5849   3.9941
 67.400000   4.6008   4.1019   4.9306   4.9244   4.3896   4.1734   3.6710   4.5305   4.5296   3.9610
 67.600000   4.5624   4.0430   4.8769   4.9196   4.3846   4.0919   3.5735   4.4138   4.4648   3.9244
 67.800000   4.4940   3.9849   4.7916   4.8508   4.4092   4.0342   3.5192   4.3071   4.3636   3.9452
 68.000000   4.3522   3.8990   4.6633   4.7652   4.3108   3.9898   3.5257   4.2531   4.3441   3.9327
 68.200000   4.2549   3.8289   4.5744   4.6369   4.2739   3.9587   3.5131   4.2230   4.2672   3.9507
 68.400000   4.2222   3.8162   4.5242   4.5846   4.3125   3.9386   3.4933   4.1741   4.1946   3.9693
 68.600000   4.1352   3.7796   4.4700   4.4841   4.3066   3.8860   3.4877   4.1591   4.1294   3.9911
 68.800000   4.0258   3.7031   4.4029   4.4036   4.2622   3.7990   3.4335   4.1180   4.0757   3.9668
 69.000000   3.9440   3.7065   4.3719   4.3516   4.2411   3.7400   3.4582   4.1071   4.0360   3.9600
 69.200000   3.9104   3.6267   4.2732   4.3059   4.2006   3.7212   3.3962   4.0191   3.9975   3.9355
 69.400000   3.8153   3.5463   4.1740   4.1998   4.1378   3.7021   3.3931   3.9920   3.9668   3.9518
 69.600000   3.6845   3.4886   4.0748   4.0733   4.0871   3.6308   3.3901   3.9509   3.8891   3.9575
 69.800000   3.5703   3.4240   3.9465   3.9453   4.0393   3.5982   3.4009   3.8907   3.8284   3.9833
 70.000000   3.5274   3.4077   3.8871   3.9178   4.0316   3.5929   3.4285   3.8689   3.8443   4.0232
 70.200000   3.5227   3.4609   3.8540   3.9248   4.0255   3.5967   3.4908   3.8413   3.8577   4.0256
 70.400000   3.4891   3.4154   3.7999   3.9205   4.0125   3.5819   3.4676   3.7957   3.8617   4.0351
 70.600000   3.5013   3.3478   3.7765   3.9124   3.9543   3.6184   3.4419   3.8026   3.8950   4.0197
 70.800000   3.4239   3.2942   3.7178   3.8871   3.8548   3.5533   3.3999   3.7535   3.8799   3.9314
 71.000000   3.2920   3.1461   3.5963   3.8057   3.7568   3.5409   3.3792   3.7543   3.9141   3.9537
 71.200000   3.1534   3.0553   3.4865   3.6712   3.6574   3.4893   3.3832   3.7447   3.8889   3.9575
 71.400000   3.0940   3.0047   3.4076   3.6449   3.6258   3.4695   3.3779   3.7190   3.9226   3.9728
 71.600000   3.0178   2.9508   3.3024   3.5248   3.5545   3.4233   3.3390   3.6489   3.8333   3.9201
 71.800000   2.9899   2.9103   3.2601   3.4498   3.5118   3.3907   3.2651   3.6006   3.7358   3.8428
 72.000000   2.9764   2.9240   3.2464   3.4165   3.5191   3.3258   3.2132   3.5456   3.6546   3.7812
 72.200000   2.9662   2.8994   3.2266   3.3936   3.5213   3.3086   3.1770   3.5116   3.6153   3.7634
 72.400000   2.9640   2.8698   3.2049   3.3800   3.4781   3.3239   3.1616   3.5051   3.6154   3.7302
 72.600000   2.9787   2.8754   3.2004   3.4015   3.4369   3.3001   3.1342   3.4584   3.5955   3.6563
 72.800000   2.9962   2.8761   3.2762   3.4468   3.4631   3.2528   3.0742   3.4524   3.5556   3.6089
 73.000000   3.0036   2.8896   3.3276   3.4789   3.4657   3.2378   3.0686   3.4722   3.5573   3.5957
 73.200000   2.9908   2.8423   3.3145   3.4501   3.4224   3.2530   3.0613   3.4860   3.5642   3.5927
 73.400000   2.9477   2.8498   3.2932   3.4183   3.4139   3.2219   3.0771   3.4873   3.5523   3.5952
 73.600000   2.9186   2.8560   3.2552   3.3968   3.4168   3.1648   3.0541   3.4178   3.4951   3.5635
 73.800000   2.9226   2.8664   3.2651   3.4247   3.4432   3.1300   3.0240   3.3753   3.4640   3.5465
 74.000000   2.9188   2.9079   3.2548   3.4390   3.4728   3.0866   3.0252   3.3294   3.4436   3.5363
 74.200000   2.9374   2.9157   3.2595   3.4658   3.4872   3.1084   3.0309   3.3468   3.4829   3.5503
 74.400000   2.9498   2.9402   3.2657   3.5134   3.5186   3.0657   2.9855   3.2972   3.4683   3.5127
 74.600000   2.9659   2.9308   3.1919   3.5176   3.5338   3.0703   2.9524   3.2091   3.4476   3.4921
 74.800000   2.9905   2.9372   3.1755   3.4755   3.5122   3.0968   2.9565   3.2104   3.4300   3.4815
 75.000000   2.9969   2.9257   3.1650   3.4483   3.4850   3.0841   2.9340   3.1752   3.3785   3.4413
 75.200000   3.0284   2.9295   3.1709   3.4918   3.5304   3.0857   2.9113   3.1362   3.3775   3.4566
 75.400000   3.0933   2.9932   3.2510   3.5447   3.5928   3.0393   2.8744   3.1090   3.3284   3.4233
 75.600000   3.1267   3.0455   3.3045   3.5991   3.6447   2.9122   2.7821   3.0030   3.2407   3.3444
 75.800000   3.1013   3.1039   3.3286   3.6538   3.7036   2.8159   2.7832   2.9660   3.2498   3.3552
 76.000000   3.0616   3.1398   3.3116   3.6977   3.7671   2.7892   2.8303   2.9602   3.3048   3.4243
 76.200000   3.0133   3.1500   3.2929   3.6659   3.7723   2.7595   2.8588   2.9598   3.2880   3.4485
 76.400000   2.9517   3.1440   3.2641   3.6565   3.7717   2.7536   2.8995   2.9966   3.3335   3.4973
 76.600000   2.8650   3.0938   3.2140   3.6014   3.7052   2.7612   2.9434   3.0273   3.3568   3.5195
 76.800000   2.8064   3.0153   3.0989   3.5646   3.6466   2.7879   2.9363   2.9894   3.3905   3.5325
 77.000000   2.6996   2.9050   2.9731   3.4590   3.5149   2.8462   2.9761   3.0268   3.4507   3.5578
 77.200000   2.6319   2.8204   2.8795   3.3644   3.4291   2.9390   3.0664   3.1064   3.5469   3.6445
 77.400000   2.6148   2.7736   2.8403   3.3281   3.3786   3.0321   3.1624   3.1894   3.6530   3.7378
 77.600000   2.6686   2.7781   2.8488   3.3090   3.3606   3.1105   3.2144   3.2387   3.6881   3.7773
 77.800000   2.6982   2.8002   2.8701   3.2817   3.3526   3.1455   3.2611   3.2730   3.6872   3.8006
 78.000000   2.7561   2.8377   2.9027   3.3020   3.4179   3.1720   3.2887   3.2678   3.6811   3.8578
 78.200000   2.8598   2.9494   3.0074   3.3868   3.4979   3.1873   3.3415   3.2856   3.6911   3.8802
 78.400000   2.9063   3.0510   3.0954   3.4399   3.5760   3.1893   3.4075   3.3223   3.7028   3.9203
 78.600000   2.9942   3.1396   3.1940   3.5048   3.6616   3.1929   3.4174   3.3501   3.6989   3.9259
 78.800000   3.0236   3.2096   3.2428   3.5526   3.6892   3.1524   3.4264   3.3326   3.6947   3.8901
 79.000000   2.9810   3.2107   3.2511   3.5287   3.7376   3.0929   3.4140   3.3279   3.6624   3.9339
 79.200000   2.9414   3.2074   3.2035   3.4910   3.7319   2.9669   3.3240   3.2006   3.5457   3.8464
 79.400000   2.9212   3.2302   3.1910   3.4582   3.7370   2.8651   3.2673   3.0978   3.4315   3.7699
 79.600000   2.8669   3.1834   3.1518   3.4067   3.7343   2.8014   3.2142   3.0367   3.3630   3.7693
 79.800000   2.8811   3.1689   3.1443   3.3869   3.7152   2.7442   3.1288   2.9553   3.2645   3.6636
 80.000000   2.8807   3.1464   3.1389   3.4451   3.7008   2.6911   3.0469   2.8961   3.2592   3.5840
 80.200000   2.9314   3.2034   3.1892   3.5504   3.7388   2.6233   2.9827   2.8318   3.2389   3.4923
 80.400000   2.9469   3.2312   3.2398   3.6282   3.7885   2.5751   2.9315   2.8279   3.2543   3.4613
 80.600000   2.9069   3.1867   3.2175   3.6348   3.7460   2.5054   2.8396   2.8125   3.2626   3.3863
 80.800000   2.8792   3.1836   3.2273   3.6399   3.7748   2.4211   2.7737   2.7985   3.2509   3.3672
 81.000000   2.8266   3.1479   3.1781   3.6091   3.7104   2.3946   2.7495   2.7955   3.2613   3.3211
 81.200000   2.7810   3.0813   3.1301   3.5693   3.6744   2.3908   2.6965   2.8000   3.2640   3.3072
 81.400000   2.7883   3.0686   3.1090   3.5390   3.6234   2.3997   2.6677   2.8074   3.2451   3.2428
 81.600000   2.7525   2.9938   3.0349   3.4875   3.6135   2.4344   2.6383   2.8121   3.2533   3.2767
 81.800000   2.6762   2.9175   2.9481   3.3854   3.5175   2.4537   2.6432   2.8171   3.2346   3.2614
 82.000000   2.6447   2.8458   2.8731   3.3271   3.4633   2.5366   2.6670   2.8665   3.2882   3.3056
 82.200000   2.5892   2.7969   2.8090   3.2440   3.4099   2.6291   2.7472   2.9383   3.3277   3.3840
 82.400000   2.5155   2.7622   2.7709   3.1954   3.3994   2.6453   2.8014   2.9691   3.3430   3.4536
 82.600000   2.5170   2.7728   2.7949   3.2168   3.4192   2.6876   2.8402   3.0020   3.3643   3.5013
 82.800000   2.5427   2.7860   2.7881   3.2287   3.3897   2.7113   2.8470   2.9727   3.3459   3.4710
 83.000000   2.5713   2.8335   2.8586   3.2939   3.4587   2.7390   2.8909   3.0311   3.3938   3.5359
 83.200000   2.5975   2.9119   2.9360   3.3723   3.5405   2.7341   2.9349   3.0582   3.4245   3.5820
 83.400000   2.6179   2.9422   2.9723   3.4403   3.5974   2.7518   2.9726   3.0859   3.4847   3.6430
 83.600000   2.6418   2.9387   3.0013   3.4477   3.5282   2.7157   2.9066   3.0530   3.4286   3.5190
 83.800000   2.6180   2.9149   3.0295   3.5009   3.4888   2.6240   2.8226   3.0102   3.4135   3.4217
 84.000000   2.6278   2.9042   3.0532   3.5447   3.4963   2.5073   2.7132   2.9005   3.3368   3.3201
 84.200000   2.5460   2.8819   3.0823   3.5575   3.4429   2.3483   2.6245   2.8426   3.2652   3.1972
 84.400000   2.5373   2.8697   3.1039   3.5470   3.4747   2.3042   2.5924   2.8172   3.2189   3.2023
 84.600000   2.5073   2.8318   3.0711   3.5092   3.4240   2.2470   2.5471   2.7559   3.1619   3.1407
 84.800000   2.4417   2.7879   3.0151   3.4554   3.3901   2.1210   2.4472   2.6301   3.0426   3.0479
 85.000000   2.3799   2.7312   2.9423   3.3908   3.3265   2.0835   2.4296   2.5827   3.0137   3.0197
 85.200000   2.3177   2.6731   2.8742   3.3160   3.2765   2.0120   2.3776   2.4979   2.9327   2.9739
 85.400000   2.2965   2.6314   2.8470   3.3114   3.2942   1.9496   2.3112   2.4168   2.8907   2.9650
 85.600000   2.2424   2.5767   2.8106   3.2938   3.2206   1.8833   2.2571   2.3786   2.8716   2.8882
 85.800000   2.2136   2.5079   2.7880   3.2978   3.1531   1.8985   2.2577   2.4050   2.9374   2.8808
 86.000000   2.2368   2.4817   2.7984   3.3003   3.1086   1.9028   2.2322   2.3916   2.9267   2.8299
 86.200000   2.2284   2.4741   2.8154   3.2988   3.1413   1.8622   2.1932   2.3840   2.8969   2.8372
 86.400000   2.1891   2.4657   2.7670   3.2634   3.0896   1.8277   2.1776   2.3587   2.8812   2.7815
 86.600000   2.1699   2.4602   2.7583   3.2092   3.0628   1.7533   2.1215   2.3028   2.7788   2.7005
 86.800000   2.1351   2.4864   2.7480   3.2137   3.0658   1.6747   2.0843   2.2603   2.7432   2.6460
 87.000000   2.0975   2.5333   2.7058   3.2436   3.1162   1.6379   2.1149   2.2251   2.7723   2.6880
 87.200000   2.1104   2.5781   2.7172   3.2819   3.1677   1.6619   2.1645   2.2355   2.8086   2.7522
 87.400000   2.1461   2.6479   2.7509   3.3494   3.2040   1.7026   2.2394   2.2702   2.8784   2.7944
 87.600000   2.1730   2.6751   2.7512   3.3580   3.2191   1.7447   2.2902   2.2792   2.8977   2.8291
 87.800000   2.1869   2.7155   2.7733   3.3804   3.2181   1.8074   2.3827   2.3468   2.9653   2.8760
 88.000000   2.2215   2.7680   2.8129   3.4158   3.2944   1.8380   2.4375   2.3795   2.9933   2.9495
 88.200000   2.2815   2.8077   2.8376   3.4517   3.3438   1.8636   2.4446   2.3744   2.9966   2.9543
 88.400000   2.3330   2.8481   2.8765   3.4787   3.3777   1.9087   2.4632   2.4148   3.0192   2.9618
 88.600000   2.3981   2.9177   2.9175   3.5259   3.4028   1.9787   2.5291   2.4707   3.0755   2.9762
 88.800000   2.4457   2.9508   2.9265   3.5497   3.4015   2.0432   2.5718   2.5031   3.1212   2.9779
 89.000000   2.4574   2.9907   2.9195   3.5172   3.4048   2.1176   2.6635   2.5659   3.1640   3.0302
 89.200000   2.4854   3.0653   2.9044   3.5071   3.4274   2.2051   2.7929   2.6196   3.2260   3.1026
 89.400000   2.4551   3.0741   2.8554   3.4507   3.4934   2.2599   2.8828   2.6710   3.2715   3.2438
 89.600000   2.4626   3.1262   2.8399   3.4208   3.4976   2.2939   2.9525   2.7059   3.2919   3.2719
 89.800000   2.4721   3.1476   2.8303   3.4028   3.4910   2.3416   3.0150   2.7656   3.3392   3.3124
 90.000000   2.5030   3.1886   2.8448   3.4115   3.4854   2.4067   3.0764   2.8300   3.3895   3.3505
 90.200000   2.5669   3.2203   2.8818   3.4371   3.5485   2.4629   3.0874   2.8617   3.4080   3.4029
 90.400000   2.5829   3.2223   2.8905   3.4488   3.5267   2.5084   3.1056   2.8922   3.4431   3.4049
 90.600000   2.6178   3.2400   2.9137   3.4728   3.5110   2.5421   3.1180   2.9044   3.4579   3.3789
 90.800000   2.6295   3.2374   2.9430   3.4962   3.5402   2.5747   3.1427   2.9375   3.4892   3.4223
 91.000000   2.6716   3.2590   3.0141   3.5702   3.5605   2.6091   3.1695   2.9736   3.5305   3.4321
 91.200000   2.7059   3.3076   3.0808   3.6547   3.6156   2.6436   3.2293   3.0140   3.5895   3.4792
 91.400000   2.6672   3.2991   3.0788   3.6541   3.6290   2.6905   3.3214   3.0771   3.6599   3.5848
 91.600000   2.6241   3.2387   3.0389   3.6508   3.5742   2.7584   3.3795   3.1277   3.7444   3.6437
 91.800000   2.5578   3.1895   3.0061   3.6228   3.5242   2.7971   3.4455   3.1901   3.8103   3.7077
 92.000000   2.5351   3.1576   2.9684   3.6029   3.4903   2.8714   3.5136   3.2504   3.8923   3.7908
 92.200000   2.5481   3.1184   2.9747   3.5688   3.4988   2.9641   3.5491   3.3457   3.9510   3.8912
 92.400000   2.5551   3.1064   2.9629   3.5536   3.5375   3.0136   3.5715   3.3831   3.9860   3.9816
 92.600000   2.5835   3.1229   2.9968   3.5413   3.4918   3.0373   3.5710   3.4367   3.9862   3.9295
 92.800000   2.5536   3.1098   2.9439   3.5245   3.5089   3.0083   3.5489   3.3992   3.9831   3.9454
 93.000000   2.5544   3.1368   2.9136   3.5322   3.4667   3.0015   3.5672   3.3667   3.9882   3.8900
 93.200000   2.5578   3.1632   2.9404   3.5415   3.5143   2.9609   3.5514   3.3519   3.9558   3.8896
 93.400000   2.5506   3.1887   2.9191   3.5326   3.5164   2.8977   3.5220   3.3009   3.9136   3.8389
 93.600000   2.5429   3.2122   2.9217   3.5390   3.5821   2.8043   3.4538   3.2445   3.8552   3.8157
 93.800000   2.5891   3.2608   2.9379   3.5434   3.6576   2.8078   3.4530   3.2390   3.8325   3.8458
 94.000000   2.6279   3.3105   2.9549   3.5838   3.6694   2.7805   3.4312   3.2062   3.8223   3.8059
 94.200000   2.6572   3.3351   2.9422   3.6091   3.6595   2.7928   3.4378   3.1850   3.8396   3.7934
 94.400000   2.6901   3.3402   2.9875   3.5806   3.6567   2.8775   3.4954   3.2717   3.8551   3.8488
 94.600000   2.7254   3.3771   3.0063   3.6352   3.7407   2.9422   3.5651   3.3060   3.9277   3.9623
 94.800000   2.7669   3.4051   3.0468   3.6398   3.8042   2.9926   3.6054   3.3541   3.9386   4.0314
 95.000000   2.7889   3.4414   3.0440   3.6560   3.8513   2.9955   3.6211   3.3508   3.9488   4.0549
 95.200000   2.8326   3.5007   3.0774   3.7035   3.8991   2.9540   3.5960   3.3047   3.9203   4.0117
 95.400000   2.8259   3.4927   3.0612   3.6848   3.8633   2.8892   3.5212   3.2315   3.8498   3.9263
 95.600000   2.8103   3.4693   3.0710   3.6821   3.7927   2.8457   3.4686   3.2188   3.8312   3.8419
 95.800000   2.7719   3.4238   3.0562   3.6453   3.7507   2.7980   3.4085   3.1934   3.7946   3.7823
 96.000000   2.6974   3.3476   2.9959   3.6077   3.7016   2.8088   3.4241   3.2187   3.8323   3.8173
 96.200000   2.6068   3.2782   2.9504   3.5554   3.7055   2.7781   3.4236   3.2230   3.8210   3.8725
 96.400000   2.5778   3.2445   2.9019   3.5281   3.6455   2.8136   3.4570   3.2239   3.8427   3.8662
 96.600000   2.5269   3.2199   2.8780   3.5020   3.6107   2.8146   3.4861   3.2516   3.8681   3.8747
 96.800000   2.5163   3.1871   2.8607   3.5018   3.6092   2.7876   3.4432   3.2061   3.8316   3.8507
 97.000000   2.5435   3.1882   2.9189   3.5244   3.5821   2.7894   3.4217   3.2164   3.8086   3.7906
 97.200000   2.5746   3.2125   2.9313   3.5539   3.5708   2.8755   3.5133   3.2685   3.8714   3.8306
 97.400000   2.5798   3.2237   2.9825   3.6011   3.5852   2.9229   3.5790   3.3365   3.9345   3.8928
 97.600000   2.5710   3.2276   2.9795   3.5971   3.5725   2.9560   3.6280   3.3380   3.9387   3.9277
 97.800000   2.5738   3.2359   2.9543   3.5696   3.5253   2.9809   3.6577   3.3099   3.9221   3.9157
 98.000000   2.5900   3.2445   2.9579   3.5738   3.5349   3.0185   3.6848   3.3101   3.9372   3.9715
 98.200000   2.5776   3.2742   2.9849   3.5921   3.5682   2.9379   3.6385   3.2802   3.9039   3.9560
 98.400000   2.6316   3.3009   3.0177   3.6178   3.6374   2.9267   3.5969   3.2821   3.8927   3.9744
 98.600000   2.6681   3.3499   3.0502   3.6452   3.6814   2.9156   3.5946   3.2881   3.8881   3.9798
 98.800000   2.7378   3.4277   3.0952   3.6994   3.6994   2.9442   3.6195   3.3021   3.9105   3.9584
 99.000000   2.7802   3.4486   3.1577   3.7223   3.7069   2.9571   3.6096   3.3363   3.9046   3.9317
 99.200000   2.8170   3.4394   3.1670   3.7655   3.6768   2.9499   3.5654   3.3091   3.9030   3.8653
 99.400000   2.8775   3.4679   3.2340   3.8276   3.6931   2.9331   3.5134   3.3016   3.8880   3.8050
 99.600000   2.9467   3.5409   3.3053   3.9310   3.8129   2.9310   3.5077   3.3035   3.9203   3.8475
 99.800000   2.9714   3.5466   3.3874   3.9851   3.9178   2.8700   3.4283   3.2986   3.8838   3.8564
 100.000000   3.0446   3.6024   3.5225   4.0747   4.0390   2.8464   3.3996   3.3185   3.8610   3.8752
